0.000185,0.931374,-1.78776,0.004676,0.892375,-1.782852,-0.002142,0.896676,-1.789973,-1.5e-05,0.921951,-1.792704
-0.09679,1.089802,-1.765907,-0.042578,0.91836,-1.785152,-0.019015,0.905827,-1.793772,0.086086,0.983721,-1.815361
-0.277427,1.33202,-1.744959,-0.086098,0.954584,-1.817171,-0.059544,0.905185,-1.801365,0.217213,1.167825,-1.925919
-0.303972,1.485747,-1.854089,-0.105873,0.99466,-1.842329,-0.10734,0.896655,-1.79538,0.199607,1.421937,-2.12133
-0.301046,1.52045,-2.148751,-0.150019,1.050814,-1.848646,-0.185991,0.930016,-1.816422,0.259634,1.584941,-2.341224
-0.339674,1.421049,-2.489111,-0.188314,1.117266,-1.863724,-0.262627,0.954872,-1.819948,0.331023,1.529268,-2.492773
-0.352162,1.242883,-2.654049,-0.146836,1.181489,-1.923801,-0.226438,0.933485,-1.768977,0.339171,1.248727,-2.496413
-0.359966,1.041939,-2.595886,-0.09638,1.23381,-1.98917,-0.125946,0.927551,-1.736305,0.293826,0.987763,-2.421298
-0.346983,0.910828,-2.408143,-0.122034,1.283225,-2.026171,-0.119949,0.977683,-1.776882,0.270352,0.82119,-2.366085
-0.304907,0.879024,-2.242425,-0.178329,1.329385,-2.016115,-0.134292,1.06212,-1.816766,0.284671,0.727105,-2.250437
-0.285777,0.889539,-2.103349,-0.190669,1.369345,-1.987535,-0.127508,1.158375,-1.853305,0.286574,0.727401,-2.098619
-0.282927,0.923635,-1.958943,-0.055424,1.419351,-1.987423,-0.081267,1.233544,-1.87094,0.310045,0.791768,-1.989479
-0.253131,1.006763,-1.799272,0.003693,1.527963,-2.129938,-0.047607,1.352986,-1.916978,0.326114,0.840727,-2.039157
-0.056684,1.108187,-1.752755,0.146658,1.633998,-2.303694,-0.058001,1.505109,-2.045628,0.30012,0.877844,-2.06395
-0.140497,1.177063,-1.812895,0.277999,1.724193,-2.368492,-0.136307,1.607274,-2.252413,0.212716,0.932657,-2.080566
-0.116563,1.209326,-1.802534,0.363561,1.601739,-2.450145,-0.149552,1.526028,-2.363123,0.206685,1.02238,-2.091466
-0.096541,1.236295,-1.775997,0.331036,1.336774,-2.589814,-0.215836,1.30864,-2.349888,0.205451,1.080388,-2.056097
-0.135866,1.266689,-1.740665,0.3072,0.999562,-2.580122,-0.257339,1.054553,-2.290546,0.171849,1.070594,-1.959794
-0.171393,1.275029,-1.712057,0.298579,0.702638,-2.429631,-0.263731,0.828076,-2.240716,0.186157,1.050319,-1.858702
-0.19303,1.327592,-1.692657,0.290324,0.539308,-2.227668,-0.283054,0.677847,-2.13917,0.184208,1.070575,-1.802728
-0.201421,1.368126,-1.646364,0.285628,0.557125,-2.056948,-0.261325,0.625109,-1.988906,0.167264,1.122505,-1.796262
-0.152274,1.433922,-1.649038,0.149148,0.641062,-1.945001,-0.258074,0.592985,-1.850699,0.11435,1.207223,-1.807042
-0.153062,1.477908,-1.780837,0.138722,0.709212,-1.885907,-0.260049,0.599495,-1.845673,-0.010915,1.318435,-1.916687
-0.173762,1.550624,-2.020445,0.217502,0.776283,-1.928392,-0.218004,0.582336,-1.827142,-0.051326,1.432164,-2.20382
-0.121109,1.541103,-2.215962,0.216093,0.84604,-1.973026,-0.232583,0.634561,-1.856126,0.155544,1.449194,-2.480804
-0.160927,1.360591,-2.47739,0.169614,0.915221,-1.960198,-0.295355,0.691989,-1.871247,0.295764,1.324831,-2.61215
-0.305203,1.166941,-2.609141,0.259819,0.991076,-1.953249,-0.223924,0.730186,-1.849525,0.31273,1.070664,-2.609741
-0.392615,1.013231,-2.544323,0.318452,1.076364,-1.949283,-0.162643,0.81643,-1.860429,0.261082,0.835811,-2.515764
-0.385251,0.850894,-2.383619,0.236989,1.142862,-1.911162,-0.230627,0.945889,-1.914173,0.22562,0.66557,-2.356844
-0.318166,0.808863,-2.198714,0.125577,1.195492,-1.870546,-0.335073,1.052929,-1.940681,0.248242,0.562367,-2.197367
-0.289815,0.86831,-2.049298,0.061372,1.296021,-1.90981,-0.347218,1.106959,-1.927878,0.291037,0.521367,-1.976367
-0.273344,0.934071,-2.038255,0.080716,1.445332,-2.046477,-0.199198,1.195514,-1.956532,0.281846,0.569947,-1.854306
-0.28168,1.014653,-1.9557,0.150281,1.603189,-2.228623,-0.113398,1.374108,-2.111307,0.326641,0.652048,-1.938604
-0.23471,1.089081,-1.855816,0.285399,1.709915,-2.348589,-0.130312,1.54023,-2.364451,0.358802,0.782747,-2.021019
-0.209776,1.160352,-1.796436,0.378687,1.649459,-2.516574,-0.195055,1.562685,-2.59703,0.314775,0.915458,-2.056331
-0.204702,1.205875,-1.738607,0.420703,1.393138,-2.66508,-0.237482,1.398693,-2.692484,0.241202,1.017763,-2.031821
-0.197489,1.222425,-1.670188,0.402206,1.046952,-2.63634,-0.235266,1.142399,-2.644869,0.18681,1.06036,-1.946078
-0.195133,1.222714,-1.640771,0.366497,0.738079,-2.477474,-0.247454,0.940822,-2.517496,0.193273,1.085678,-1.852989
-0.2225,1.240603,-1.617904,0.324567,0.538289,-2.280874,-0.272477,0.819504,-2.285458,0.187911,1.12804,-1.78853
-0.246316,1.284633,-1.568188,0.314718,0.469923,-2.105298,-0.281036,0.792126,-1.986738,0.155061,1.191262,-1.759816
-0.28151,1.380488,-1.548528,0.256763,0.587012,-1.969705,-0.31183,0.821354,-1.763908,0.05868,1.280521,-1.785068
-0.26786,1.518902,-1.6729,0.225666,0.745757,-1.888842,-0.367638,0.863583,-1.776614,-0.062216,1.318675,-1.886425
-0.284731,1.686882,-1.912274,0.326349,0.866985,-1.980296,-0.299998,0.919723,-1.777594,0.055542,1.427092,-2.020157
-0.355514,1.751844,-2.169365,0.488821,1.002829,-2.006655,-0.181548,0.997519,-1.771103,0.184574,1.580223,-2.189559
-0.387024,1.607723,-2.377808,0.518198,1.097112,-1.952444,-0.164605,1.07751,-1.749669,0.200614,1.50391,-2.356668
-0.378302,1.325273,-2.489179,0.48286,1.156632,-1.85432,-0.178149,1.180879,-1.723927,0.199521,1.231878,-2.475433
-0.36554,1.105307,-2.483473,0.494194,1.194543,-1.737182,-0.152445,1.241278,-1.650842,0.228569,1.014695,-2.491191
-0.369952,0.992216,-2.378545,0.489042,1.208395,-1.590695,-0.15288,1.266112,-1.545902,0.241153,0.907897,-2.405016
-0.365602,0.9425,-2.221191,0.443655,1.21205,-1.433371,-0.205092,1.284191,-1.442299,0.251131,0.870164,-2.256361
-0.346371,0.940052,-2.048846,0.346015,1.282128,-1.375033,-0.230805,1.322846,-1.411415,0.253631,0.859997,-2.092847
-0.329985,0.972438,-1.816306,0.235029,1.407271,-1.476025,-0.196512,1.416634,-1.505224,0.242817,0.902132,-1.884975
-0.306788,1.048994,-1.658056,0.207123,1.543683,-1.722905,0.001275,1.524983,-1.722917,0.220778,0.955941,-1.908878
-0.394847,1.147013,-1.676931,0.274837,1.69677,-1.981196,0.053094,1.609525,-1.992563,0.088315,0.965217,-1.887678
-0.454297,1.211029,-1.719417,0.409984,1.713637,-2.199058,0.02189,1.59173,-2.273392,0.021822,1.036654,-1.899594
-0.39313,1.252238,-1.712781,0.438351,1.506555,-2.437168,-0.099901,1.435025,-2.420407,0.055408,1.123657,-1.903847
-0.325604,1.278719,-1.675662,0.426638,1.244978,-2.539,-0.195881,1.244271,-2.444161,0.111435,1.150641,-1.84994
-0.267097,1.288254,-1.585693,0.381703,1.045145,-2.47112,-0.230553,1.082734,-2.390878,0.182619,1.129685,-1.74912
-0.240512,1.293143,-1.469893,0.350515,0.867984,-2.304351,-0.269953,0.940782,-2.271782,0.234687,1.101445,-1.625638
-0.268161,1.301905,-1.385097,0.336799,0.732736,-2.124623,-0.282735,0.825762,-2.03204,0.189893,1.157628,-1.509933
-0.270224,1.369006,-1.426382,0.319822,0.745144,-1.976002,-0.253263,0.834554,-1.774441,0.145529,1.274384,-1.496787
-0.230873,1.493264,-1.569161,0.274157,0.84556,-1.827411,-0.21209,0.922648,-1.826625,0.117631,1.356664,-1.612
-0.288784,1.669491,-1.826955,0.295673,0.919422,-1.900752,-0.181871,0.990632,-1.846295,0.160963,1.463441,-1.895558
-0.358858,1.7864,-2.110774,0.362056,1.017371,-1.888976,-0.163197,1.045157,-1.83754,0.301219,1.614453,-2.15505
-0.410423,1.69629,-2.35172,0.413534,1.096,-1.837055,-0.14693,1.088226,-1.800191,0.290761,1.587736,-2.304323
-0.422036,1.431809,-2.480721,0.437761,1.159739,-1.772014,-0.135039,1.151794,-1.763689,0.247472,1.333884,-2.394889
-0.376805,1.167522,-2.481717,0.456091,1.209849,-1.691672,-0.124189,1.204611,-1.707208,0.245519,1.07109,-2.456217
-0.362318,1.016923,-2.395371,0.471785,1.239091,-1.591738,-0.116875,1.214863,-1.610367,0.254123,0.916922,-2.414473
-0.35982,0.952764,-2.24841,0.446219,1.246939,-1.466257,-0.145373,1.218153,-1.503299,0.249913,0.857884,-2.283674
-0.349673,0.937564,-2.076918,0.353589,1.283894,-1.373118,-0.186481,1.256524,-1.432131,0.251393,0.840624,-2.122671
-0.331254,0.967839,-1.912153,0.277497,1.388799,-1.440873,-0.175246,1.350646,-1.488185,0.246207,0.868249,-1.8952
-0.274522,1.03552,-1.732218,0.264928,1.531278,-1.664007,0.002342,1.474061,-1.679754,0.241654,0.935795,-1.926727
-0.332809,1.12973,-1.690955,0.281321,1.670575,-1.927389,-0.000471,1.564174,-1.959268,0.109264,0.941882,-1.902922
-0.426915,1.204117,-1.728811,0.419129,1.737723,-2.147679,-0.046488,1.590315,-2.302172,0.029034,0.997804,-1.908009
-0.399687,1.251127,-1.714288,0.450632,1.576334,-2.352784,-0.106811,1.469416,-2.482486,0.041546,1.081188,-1.909605
-0.343312,1.281605,-1.678174,0.434082,1.303549,-2.491515,-0.167867,1.281662,-2.531207,0.083596,1.127301,-1.868935
-0.278336,1.294286,-1.598176,0.395328,1.0853,-2.489627,-0.202424,1.109855,-2.48247,0.152991,1.127827,-1.785104
-0.238469,1.299087,-1.48815,0.358992,0.907654,-2.350276,-0.251691,0.97099,-2.348244,0.214856,1.095375,-1.669907
-0.289116,1.283034,-1.394133,0.339287,0.76491,-2.167674,-0.29353,0.855476,-2.104592,0.207187,1.117316,-1.552327
-0.269889,1.348352,-1.400599,0.307589,0.766898,-2.015494,-0.285768,0.834597,-1.800825,0.136748,1.225356,-1.506208
-0.2207,1.453963,-1.514265,0.305501,0.872388,-1.747437,-0.224368,0.903128,-1.803972,0.086048,1.307034,-1.580839
-0.311083,1.635702,-1.754123,0.392152,0.954938,-1.825892,-0.155381,0.943309,-1.803877,0.09727,1.406887,-1.840989
-0.316222,1.785948,-2.003816,0.442103,1.040745,-1.820077,-0.137616,1.010428,-1.812241,0.25539,1.554633,-2.141854
-0.365827,1.725547,-2.274131,0.451893,1.109963,-1.786774,-0.139064,1.049753,-1.793021,0.288827,1.569254,-2.313668
-0.411095,1.469176,-2.49036,0.469253,1.163236,-1.757539,-0.120749,1.09859,-1.759941,0.246966,1.389005,-2.371512
-0.386876,1.181678,-2.539291,0.490175,1.206249,-1.710755,-0.084733,1.157685,-1.717408,0.225481,1.112981,-2.430755
-0.361277,1.012728,-2.45592,0.493723,1.227817,-1.616607,-0.070832,1.189057,-1.639088,0.237725,0.92187,-2.42706
-0.360073,0.937445,-2.3127,0.459637,1.222663,-1.467497,-0.102421,1.197338,-1.532711,0.239774,0.846851,-2.318946
-0.354606,0.905691,-2.146042,0.366413,1.251942,-1.347696,-0.166937,1.228487,-1.445033,0.22687,0.838586,-2.149465
-0.332349,0.915301,-1.963492,0.286475,1.338972,-1.399663,-0.148419,1.311299,-1.469448,0.123031,0.842344,-1.862809
-0.299338,0.984189,-1.749091,0.23916,1.470564,-1.590325,-0.009419,1.442223,-1.619493,0.025859,0.900721,-1.825698
-0.365175,1.088045,-1.745107,0.289282,1.656681,-1.917361,0.055341,1.569597,-1.889014,-0.122022,0.938304,-1.790094
-0.320221,1.163414,-1.749875,0.402427,1.758238,-2.2456,0.128167,1.631122,-2.175263,-0.110093,1.043639,-1.814234
-0.243501,1.224268,-1.737581,0.408808,1.625473,-2.512485,0.008634,1.520998,-2.425311,-0.08222,1.147153,-1.817739
-0.231585,1.270687,-1.722669,0.423629,1.372008,-2.610186,-0.143176,1.305918,-2.551055,-0.098422,1.194123,-1.765322
-0.206137,1.29125,-1.664619,0.390178,1.13359,-2.541353,-0.196141,1.083248,-2.497277,-0.087311,1.205196,-1.678307
-0.18172,1.299366,-1.582564,0.348735,0.981264,-2.388195,-0.240527,0.901582,-2.362842,-0.055952,1.184316,-1.567868
-0.173894,1.298605,-1.487371,0.317752,0.904674,-2.192687,-0.259379,0.729118,-2.144554,-0.062986,1.170447,-1.445149
-0.1593,1.270309,-1.388369,0.321401,0.888904,-2.015736,-0.188822,0.588412,-1.838771,-0.092719,1.214243,-1.398599
-0.073763,1.321692,-1.466293,0.259154,0.90759,-1.76556,-0.106705,0.62302,-1.779075,-0.026217,1.203735,-1.46886
0.026218,1.49942,-1.657176,0.155642,0.939109,-1.576237,0.054826,0.637062,-1.720935,0.175019,1.168147,-1.692863
-0.116197,1.728427,-1.89243,0.247342,1.035974,-1.693352,0.158416,0.655906,-1.703365,0.268564,1.311955,-1.984326
-0.265628,1.766016,-2.124009,0.244549,1.105458,-1.740309,0.151555,0.69905,-1.713468,0.219805,1.390677,-2.357481
-0.291833,1.543989,-2.274284,0.103068,1.115386,-1.715117,0.033691,0.749518,-1.725844,0.234883,1.164394,-2.549423
-0.291266,1.223404,-2.390567,-0.031529,1.088786,-1.673907,-0.084559,0.746218,-1.717676,0.294671,0.882996,-2.505219
-0.33161,1.02634,-2.395944,0.025479,1.068638,-1.624595,-0.134571,0.720607,-1.751167,0.316895,0.750577,-2.36939
-0.359572,0.962799,-2.260539,0.032671,1.055069,-1.634531,-0.227294,0.702255,-1.779633,0.278672,0.721496,-2.238696
-0.329385,0.945858,-2.077123,-0.069601,1.081393,-1.684596,-0.24074,0.706324,-1.793766,0.283038,0.671808,-2.101785
-0.309283,0.986319,-2.025515,-0.137095,1.199055,-1.804059,-0.18407,0.806471,-1.866108,0.270779,0.67498,-1.876889
-0.21009,1.084449,-2.077245,-0.054653,1.336726,-2.007022,-0.100409,0.98837,-1.989063,0.173858,0.774622,-1.722215
-0.086175,1.15873,-2.059719,0.171566,1.50035,-2.205858,-0.106363,1.189211,-2.146033,0.175169,0.917611,-1.810275
-0.135681,1.227071,-2.011847,0.324957,1.663038,-2.284569,-0.182274,1.381922,-2.353513,0.193971,0.984354,-1.863365
-0.153246,1.271448,-1.900108,0.425465,1.641327,-2.441226,-0.199402,1.465552,-2.474238,0.224938,1.055082,-1.884835
-0.083824,1.292032,-1.802671,0.391491,1.394795,-2.607019,-0.176308,1.329967,-2.529506,0.269085,1.129827,-1.879559
-0.085802,1.292072,-1.734667,0.344876,1.075989,-2.614111,-0.172071,1.106854,-2.538732,0.227572,1.167062,-1.823441
-0.049855,1.270621,-1.695846,0.315408,0.763541,-2.469843,-0.187131,0.909745,-2.450808,0.216542,1.195,-1.763821
-0.040336,1.279476,-1.677749,0.276901,0.567208,-2.265766,-0.241949,0.79418,-2.297485,0.227387,1.204493,-1.709982
-0.095104,1.325541,-1.651106,0.245639,0.477802,-2.086077,-0.302521,0.766356,-2.052526,0.232454,1.206907,-1.702763
-0.229625,1.408403,-1.640465,0.209943,0.507497,-1.982211,-0.37349,0.782522,-1.907831,0.073992,1.178138,-1.791401
-0.252872,1.525405,-1.782305,0.264693,0.674558,-1.864596,-0.382139,0.760457,-1.874071,-0.115064,1.211339,-1.923503
-0.254928,1.654995,-1.998853,0.325232,0.845125,-1.764304,-0.211085,0.708954,-1.806667,-0.037557,1.421417,-2.064549
-0.306177,1.616575,-2.160123,0.497847,0.945767,-1.909185,-0.057737,0.703905,-1.781555,0.146258,1.538797,-2.269884
-0.170883,1.356205,-2.292905,0.410748,0.999237,-1.932985,-0.138468,0.758435,-1.803576,0.243155,1.373998,-2.545131
-0.11995,1.089684,-2.445324,0.21441,0.9895,-1.877142,-0.324119,0.77091,-1.799796,0.290892,1.052427,-2.639068
-0.271798,0.984075,-2.482873,0.24876,1.007298,-1.860645,-0.281498,0.770014,-1.767585,0.353616,0.817393,-2.519601
-0.352399,0.943129,-2.360617,0.312521,1.067404,-1.839465,-0.190634,0.813103,-1.742586,0.294544,0.661938,-2.349132
-0.386,0.928201,-2.202945,0.24573,1.150571,-1.822876,-0.232644,0.882364,-1.755317,0.228532,0.563928,-2.191308
-0.342007,0.912755,-2.055158,0.026299,1.209142,-1.843238,-0.289423,0.971637,-1.838576,0.261765,0.512954,-2.027817
-0.288332,0.856784,-1.920008,-0.107293,1.289285,-1.986802,-0.237015,1.121298,-1.965849,0.285419,0.590201,-1.830792
-0.227018,0.904279,-1.764395,-0.007066,1.421234,-2.194788,-0.165177,1.264366,-2.079707,0.319625,0.70796,-1.963939
-0.20491,1.025519,-1.741104,0.118529,1.575657,-2.364166,-0.093462,1.392198,-2.188651,0.277314,0.765845,-2.011767
-0.244229,1.081732,-1.797519,0.249276,1.509677,-2.423507,-0.033808,1.412752,-2.294908,0.2494,0.787814,-2.004665
-0.258994,1.138464,-1.790254,0.371375,1.252227,-2.534667,-0.109307,1.263786,-2.338815,0.254746,0.836168,-2.008387
-0.194638,1.178521,-1.725509,0.332933,1.00005,-2.585939,-0.128096,1.030282,-2.305105,0.33823,0.894418,-1.998172
-0.189529,1.182438,-1.689862,0.254653,0.791846,-2.460108,-0.173209,0.820794,-2.205863,0.364493,0.901846,-1.94177
-0.231225,1.232295,-1.703518,0.236658,0.612808,-2.275205,-0.221386,0.706957,-2.100195,0.335605,0.890103,-1.879412
-0.22443,1.258605,-1.669689,0.248123,0.532912,-2.092194,-0.205171,0.700341,-2.041261,0.350852,0.898489,-1.836244
-0.159251,1.219193,-1.732963,0.188427,0.549762,-1.956879,-0.203492,0.698275,-1.982408,0.306906,0.956854,-1.831314
-0.108396,1.18286,-1.893438,0.096718,0.681276,-1.863609,-0.260146,0.655374,-1.90987,0.208017,1.140502,-1.869649
-0.189977,1.2719,-2.005294,-0.004743,0.75389,-1.72284,-0.25944,0.606847,-1.840031,0.239432,1.31118,-2.02744
-0.201095,1.361233,-2.158617,0.031632,0.820296,-1.827747,-0.207934,0.588057,-1.800314,0.278078,1.33433,-2.345211
-0.233867,1.233159,-2.403917,-0.022879,0.862503,-1.857055,-0.251379,0.623108,-1.79284,0.28285,1.292248,-2.628003
-0.338078,1.005361,-2.586073,-0.087581,0.879711,-1.850243,-0.282085,0.670563,-1.782323,0.311559,1.163585,-2.698506
-0.361214,0.870565,-2.57696,-0.136303,0.856905,-1.841395,-0.291161,0.712313,-1.760953,0.312517,0.99713,-2.605075
-0.362089,0.795258,-2.433873,-0.154756,0.872578,-1.854242,-0.277639,0.744467,-1.739052,0.306422,0.894063,-2.436899
-0.341712,0.713367,-2.246524,-0.177873,0.929709,-1.88772,-0.285419,0.786296,-1.728817,0.296407,0.827955,-2.230889
-0.311783,0.645224,-2.046843,-0.197864,1.008208,-1.897101,-0.307363,0.843049,-1.767089,0.290333,0.781895,-2.009867
-0.23949,0.642173,-1.82438,-0.201408,1.100891,-1.886023,-0.315149,0.949732,-1.860396,0.292345,0.77984,-1.855843
-0.207889,0.712283,-1.70269,-0.196372,1.178078,-2.061332,-0.275159,1.087055,-2.054355,0.267541,0.807781,-1.857866
-0.227306,0.796938,-1.774773,-0.065517,1.332657,-2.308628,-0.215305,1.20917,-2.185277,0.279505,0.837722,-1.84943
-0.192251,0.887952,-1.787324,0.105004,1.414088,-2.555385,-0.181286,1.232493,-2.282069,0.319073,0.938671,-1.872138
-0.11889,0.935108,-1.768459,0.189242,1.297691,-2.618942,-0.143453,1.091792,-2.3708,0.342565,1.000695,-1.874943
-0.061867,0.962669,-1.740141,0.188073,1.015131,-2.5523,-0.118768,0.865492,-2.357297,0.340109,1.010159,-1.855995
-0.043752,0.993051,-1.683796,0.167543,0.755279,-2.423989,-0.166618,0.703613,-2.275257,0.342562,1.027644,-1.823793
-0.057262,1.023083,-1.601333,0.118581,0.59893,-2.24045,-0.228315,0.59181,-2.192682,0.333357,1.000283,-1.793656
-0.11377,1.001439,-1.591235,0.057523,0.532546,-2.059898,-0.286156,0.515295,-2.060428,0.281903,1.019089,-1.792292
-0.123816,0.938507,-1.644854,-0.003913,0.500074,-1.82944,-0.2973,0.491378,-1.852842,0.250321,1.136473,-1.855048
-0.085079,0.998121,-1.726832,-0.08532,0.509013,-1.638382,-0.294939,0.509162,-1.694051,0.192927,1.242731,-2.007667
-0.045876,1.136051,-1.857241,-0.127556,0.629851,-1.75195,-0.319245,0.610415,-1.756541,0.126804,1.271012,-2.243203
-0.143499,1.270726,-2.051023,-0.140114,0.729295,-1.859738,-0.357096,0.671367,-1.809196,0.16626,1.319198,-2.495252
-0.302537,1.26174,-2.326264,-0.101192,0.805075,-1.934835,-0.356454,0.677243,-1.802366,0.275952,1.324153,-2.690252
-0.35955,1.085204,-2.532708,-0.07228,0.85869,-1.97562,-0.341994,0.684252,-1.780538,0.300375,1.191615,-2.697149
-0.361167,0.929023,-2.545195,-0.0792,0.900321,-1.99901,-0.339873,0.705114,-1.759075,0.291472,1.02825,-2.646191
-0.355143,0.823844,-2.41337,-0.105142,0.946776,-2.013201,-0.351774,0.736787,-1.738886,0.293704,0.902195,-2.486364
-0.335389,0.700702,-2.252383,-0.127205,1.01644,-2.00354,-0.376261,0.797987,-1.739895,0.290253,0.828879,-2.259703
-0.306863,0.636808,-2.084482,-0.142383,1.094431,-1.968041,-0.408014,0.879507,-1.756942,0.283378,0.798232,-1.985564
-0.246771,0.725088,-1.906445,-0.145409,1.113919,-1.971005,-0.361979,0.966378,-1.861527,0.286306,0.840053,-1.993386
-0.123535,0.8916,-1.735658,-0.151235,1.173326,-2.090791,-0.29054,1.076903,-2.001106,0.256997,0.820115,-1.937431
-0.151294,0.965013,-1.777159,-0.078911,1.313847,-2.31576,-0.24198,1.20106,-2.125003,0.214297,0.874064,-1.940249
-0.082984,1.016781,-1.760549,0.123348,1.382443,-2.571514,-0.215572,1.242983,-2.253872,0.255866,0.988822,-1.968976
-0.051646,1.05075,-1.741269,0.149241,1.295655,-2.654732,-0.234036,1.151782,-2.339916,0.240311,1.047384,-1.949811
-0.046773,1.082105,-1.720179,0.111203,1.001694,-2.604899,-0.212956,0.953206,-2.315161,0.211979,1.061569,-1.90321
-0.051109,1.109319,-1.663189,0.108485,0.726205,-2.457634,-0.206729,0.768072,-2.220136,0.237527,1.052091,-1.856594
-0.100401,1.073242,-1.596849,0.052165,0.565015,-2.238534,-0.238307,0.649763,-2.144019,0.250564,1.051292,-1.829973
-0.10056,0.940747,-1.595286,-0.022395,0.501138,-1.986769,-0.27274,0.582365,-1.98876,0.250764,1.112065,-1.817696
-0.09941,0.96993,-1.62321,-0.098922,0.474283,-1.812012,-0.272421,0.52513,-1.785025,0.209168,1.1761,-1.859528
-0.092918,1.062552,-1.675917,-0.13048,0.499145,-1.755347,-0.265803,0.503974,-1.628758,0.193829,1.227093,-1.988449
-0.14489,1.162984,-1.802013,-0.1507,0.605915,-1.865772,-0.286354,0.563508,-1.63837,0.137351,1.241421,-2.201503
-0.266108,1.272014,-2.041408,-0.123611,0.711679,-1.916317,-0.296812,0.637287,-1.690429,0.189135,1.33942,-2.435137
-0.371453,1.289301,-2.315623,-0.09439,0.796052,-1.931187,-0.310486,0.68663,-1.717022,0.283599,1.351766,-2.657637
-0.39484,1.177194,-2.489756,-0.079448,0.854783,-1.953956,-0.314179,0.715,-1.72001,0.292668,1.212335,-2.697198
-0.387438,1.018872,-2.477837,-0.08025,0.896749,-1.989507,-0.31089,0.729024,-1.704481,0.280274,1.058844,-2.645413
-0.360103,0.866415,-2.371265,-0.104041,0.936908,-2.018228,-0.323439,0.7429,-1.680899,0.281589,0.94174,-2.503988
-0.336571,0.716173,-2.245914,-0.135237,1.000561,-2.022681,-0.353729,0.788839,-1.682675,0.288737,0.859122,-2.304571
-0.302503,0.615276,-2.100109,-0.155628,1.084281,-1.993847,-0.399397,0.866764,-1.703853,0.293357,0.8055,-2.042165
-0.256804,0.673083,-1.94341,-0.169378,1.143669,-1.977778,-0.365667,0.944774,-1.801844,0.288653,0.863427,-2.038935
-0.185235,0.852024,-1.749356,-0.170798,1.198658,-2.069055,-0.269926,1.045329,-1.957726,0.264343,0.839088,-1.983632
-0.239729,0.944487,-1.770073,-0.087986,1.317927,-2.271197,-0.247514,1.17652,-2.084148,0.158568,0.856318,-1.964074
-0.179795,1.004652,-1.75088,0.060812,1.40035,-2.530326,-0.218924,1.245461,-2.211646,0.204901,0.963631,-1.993475
-0.128913,1.044148,-1.727279,0.072197,1.347536,-2.644646,-0.256193,1.187987,-2.316519,0.195625,1.07448,-2.004543
-0.124335,1.069538,-1.722969,0.057001,1.073594,-2.621561,-0.236899,1.007563,-2.322329,0.143485,1.120193,-1.961525
-0.130189,1.101865,-1.683134,0.078428,0.773179,-2.497119,-0.223874,0.819078,-2.238919,0.195001,1.08763,-1.908043
-0.176004,1.144074,-1.59151,0.020862,0.588772,-2.252366,-0.242723,0.687991,-2.172896,0.242931,1.086098,-1.873409
-0.184773,1.175087,-1.555513,0.001921,0.52062,-2.038741,-0.234164,0.61733,-2.087315,0.236618,1.099666,-1.839989
-0.177806,1.203039,-1.542258,0.01877,0.514743,-1.942525,-0.231987,0.561567,-1.897778,0.239063,1.146371,-1.857624
-0.184593,1.181217,-1.619389,-0.012537,0.577958,-2.040223,-0.240702,0.543839,-1.730571,0.19526,1.152599,-1.947848
-0.179893,1.189621,-1.860158,-0.095199,0.652205,-2.056798,-0.272295,0.616246,-1.720211,0.213315,1.267843,-2.146137
-0.249684,1.279056,-2.172304,-0.125207,0.729597,-2.036105,-0.329948,0.672483,-1.734904,0.293111,1.430983,-2.381667
-0.337307,1.309721,-2.450226,-0.094191,0.80629,-1.999106,-0.329268,0.716317,-1.727373,0.329266,1.430417,-2.601964
-0.41882,1.215596,-2.624728,-0.045988,0.87553,-1.975585,-0.295789,0.761551,-1.710358,0.305693,1.29217,-2.697355
-0.422107,1.073976,-2.647239,-0.04507,0.913068,-1.96283,-0.276166,0.797718,-1.686656,0.2762,1.119795,-2.592945
-0.393184,0.953036,-2.535506,-0.079965,0.944839,-1.972758,-0.273364,0.81988,-1.667856,0.27284,0.990187,-2.401962
-0.358228,0.841676,-2.353984,-0.131647,1.000059,-1.977941,-0.304208,0.861299,-1.682845,0.275958,0.901358,-2.232269
-0.310947,0.787392,-2.136872,-0.165299,1.079328,-1.963789,-0.352292,0.921269,-1.712577,0.28243,0.841344,-2.038749
-0.263444,0.8164,-1.899913,-0.164999,1.176126,-1.941229,-0.379501,0.971273,-1.758908,0.276625,0.852732,-1.864427
-0.242303,0.886038,-1.753452,-0.121027,1.236911,-2.027037,-0.322904,1.0512,-1.877852,0.280405,0.90447,-1.890074
-0.22966,0.945503,-1.776735,0.030224,1.376125,-2.205623,-0.212582,1.168336,-1.957995,0.286621,0.940026,-1.913652
-0.222525,1.022491,-1.771498,0.052135,1.463114,-2.385614,-0.240504,1.282446,-2.119139,0.296443,1.027003,-1.939082
-0.166008,1.092658,-1.778938,0.022794,1.472395,-2.467255,-0.222011,1.269109,-2.340787,0.321316,1.105072,-1.940055
-0.15815,1.134052,-1.790398,0.035483,1.301376,-2.498249,-0.183541,1.125389,-2.41778,0.292415,1.139447,-1.889272
-0.141647,1.161774,-1.782631,0.107809,0.968915,-2.5294,-0.142594,0.967274,-2.327814,0.26744,1.162102,-1.822801
-0.106319,1.181859,-1.719876,0.155243,0.703857,-2.458612,-0.16934,0.819236,-2.22265,0.284938,1.122859,-1.776155
-0.073973,1.201991,-1.663673,0.106282,0.576881,-2.280938,-0.238448,0.658096,-2.138602,0.282904,1.104141,-1.754412
-0.127044,1.240212,-1.656698,0.068638,0.569597,-2.096486,-0.288676,0.547657,-2.036591,0.143732,1.093963,-1.767825
-0.163505,1.266401,-1.722154,0.077299,0.614442,-2.074392,-0.264947,0.493559,-1.820401,-0.010497,1.087389,-1.849615
-0.130145,1.358874,-1.887873,0.056977,0.70128,-2.123656,-0.256314,0.561386,-1.740917,-0.017265,1.210939,-1.97158
-0.003022,1.506825,-2.014708,-0.045494,0.833965,-2.104819,-0.305704,0.691762,-1.766082,0.175325,1.394826,-2.194907
-0.035157,1.572144,-2.201985,-0.116139,0.930793,-2.086126,-0.429051,0.775588,-1.835574,0.271467,1.428973,-2.469162
-0.260162,1.490688,-2.488342,-0.042584,1.037013,-2.127655,-0.392405,0.812515,-1.845968,0.320252,1.363615,-2.658928
-0.379637,1.223807,-2.645853,0.029588,1.132109,-2.163211,-0.307329,0.891823,-1.859457,0.299799,1.215919,-2.681109
-0.383252,0.963273,-2.609123,-0.017579,1.198976,-2.161876,-0.299354,1.021911,-1.904017,0.271469,1.034258,-2.595168
-0.350965,0.895101,-2.466522,-0.093995,1.248631,-2.127312,-0.331821,1.158494,-1.951324,0.266008,0.831733,-2.460822
-0.313606,0.910302,-2.275379,-0.115045,1.281985,-2.072149,-0.340711,1.228536,-1.940766,0.273926,0.674025,-2.293554
-0.307719,0.922582,-2.110961,0.023511,1.320096,-1.980259,-0.279518,1.269245,-1.916929,0.285875,0.621239,-2.116507
-0.334331,0.933653,-2.023031,0.08641,1.449336,-2.032334,-0.197172,1.353126,-1.938238,0.223841,0.678268,-1.944935
-0.329924,0.971408,-1.890535,0.036245,1.575562,-2.212503,-0.133221,1.469178,-2.050163,0.238373,0.75282,-1.990744
-0.371714,1.059635,-1.893857,0.115713,1.677704,-2.300663,-0.115799,1.584322,-2.248795,0.196708,0.842171,-2.02613
-0.35863,1.132765,-1.858414,0.218434,1.673407,-2.385201,-0.102972,1.608433,-2.442431,0.201882,0.972699,-2.061265
-0.265637,1.183106,-1.795803,0.259865,1.477524,-2.551188,-0.127442,1.445483,-2.525371,0.287299,1.068942,-2.046765
-0.239543,1.228471,-1.752136,0.269162,1.147595,-2.613525,-0.161872,1.190822,-2.505097,0.311929,1.092641,-1.974203
-0.260389,1.273099,-1.716616,0.273926,0.810255,-2.523262,-0.167112,0.941867,-2.440822,0.291575,1.072067,-1.906674
-0.265778,1.316909,-1.687035,0.27962,0.595653,-2.340389,-0.193565,0.766519,-2.326453,0.303441,1.072621,-1.858825
-0.265916,1.352433,-1.641342,0.29012,0.534851,-2.147184,-0.206657,0.724225,-2.179703,0.319126,1.103574,-1.827664
-0.223036,1.400467,-1.598656,0.208858,0.615499,-2.007528,-0.213597,0.701579,-2.039274,0.318047,1.16499,-1.823645
-0.091847,1.513244,-1.674029,0.007144,0.760446,-1.913341,-0.201004,0.658355,-1.966017,0.260831,1.25776,-1.851683
-0.059333,1.568536,-1.854327,0.001784,0.853082,-1.936123,-0.20394,0.638829,-1.94948,0.11172,1.402936,-2.028491
-0.102434,1.655427,-2.061454,0.137372,0.946566,-2.025094,-0.127202,0.641318,-1.9378,0.128314,1.513181,-2.328116
-0.095987,1.592882,-2.278337,0.147153,1.045633,-2.010399,-0.160921,0.715044,-1.97198,0.2155,1.452154,-2.571865
-0.187961,1.265472,-2.48559,0.143843,1.050623,-1.996351,-0.217603,0.781086,-2.011099,0.209252,1.224187,-2.556737
-0.26512,0.948431,-2.558057,0.258536,1.033411,-1.963388,-0.248378,0.834118,-2.038246,0.233795,1.006331,-2.406819
-0.306026,0.735506,-2.469933,0.237933,1.032467,-1.931059,-0.261714,0.880993,-2.049083,0.267861,0.844611,-2.228977
-0.303617,0.663438,-2.300017,0.218591,1.100356,-1.988856,-0.273044,0.938222,-2.048861,0.260928,0.719962,-2.126463
-0.298597,0.644971,-2.119308,0.208594,1.159859,-2.009688,-0.253271,1.010505,-2.035194,0.264079,0.616638,-2.029521
-0.330091,0.707499,-2.005801,0.122632,1.289917,-2.044156,-0.236333,1.116097,-2.043133,0.236199,0.586741,-1.952855
-0.35078,0.840238,-1.903064,0.10994,1.433657,-2.166816,-0.181875,1.219008,-2.125543,0.22183,0.59177,-1.942023
-0.41722,0.934273,-1.90375,0.231013,1.573456,-2.290818,-0.09807,1.347226,-2.275219,0.194752,0.659268,-1.964846
-0.41791,1.029304,-1.835547,0.246524,1.549485,-2.404236,-0.101144,1.399271,-2.392229,0.18614,0.81465,-2.028571
-0.297015,1.111955,-1.785792,0.271498,1.394949,-2.561963,-0.11333,1.295476,-2.527625,0.263486,0.957538,-2.063954
-0.266611,1.161582,-1.74967,0.30561,1.10808,-2.62096,-0.161299,1.076503,-2.533301,0.262037,1.027805,-2.019605
-0.292119,1.20236,-1.727782,0.342146,0.773761,-2.553377,-0.171143,0.87884,-2.441334,0.229057,1.03263,-1.944723
-0.278608,1.244115,-1.701289,0.3133,0.558787,-2.394667,-0.207645,0.759627,-2.319306,0.255,1.037117,-1.894453
-0.255603,1.278168,-1.656825,0.27286,0.485766,-2.19155,-0.225755,0.721258,-2.150201,0.281491,1.080513,-1.862499
-0.255784,1.315667,-1.594198,0.284713,0.549195,-2.037663,-0.24121,0.729115,-1.970838,0.286653,1.134511,-1.858868
-0.267288,1.381187,-1.671839,0.209544,0.6357,-1.954014,-0.303745,0.75542,-1.933743,0.177367,1.191637,-1.869808
-0.155746,1.469042,-1.855093,0.274048,0.725055,-1.958426,-0.279553,0.69731,-1.877191,0.045254,1.29973,-1.959877
-0.157972,1.593318,-2.046599,0.384429,0.847507,-2.053253,-0.227685,0.707695,-1.871927,0.14951,1.492246,-2.15536
-0.275278,1.582685,-2.241733,0.399145,0.930747,-2.103317,-0.248976,0.724429,-1.857449,0.283623,1.496687,-2.438627
-0.251446,1.361873,-2.4923,0.348982,0.969912,-2.081327,-0.276689,0.751521,-1.824552,0.314328,1.23096,-2.57547
-0.282223,1.149192,-2.58569,0.402015,1.023628,-2.020382,-0.205138,0.809934,-1.798499,0.30806,0.920437,-2.533776
-0.356583,1.022213,-2.48213,0.440537,1.094486,-1.925287,-0.15295,0.907853,-1.797152,0.270574,0.675926,-2.463926
-0.379654,0.948735,-2.30573,0.398523,1.163965,-1.827544,-0.187788,1.025208,-1.818345,0.236262,0.527381,-2.340823
-0.347894,0.875449,-2.136408,0.341084,1.232109,-1.760329,-0.25166,1.118597,-1.828982,0.237958,0.469307,-2.163265
-0.350677,0.86575,-1.99626,0.185711,1.35527,-1.851702,-0.292539,1.195698,-1.843758,0.159214,0.472324,-1.898905
-0.349049,0.944522,-1.973811,0.150654,1.503402,-1.927991,-0.230579,1.309393,-1.8629,0.123575,0.554058,-1.849891
-0.365849,1.027353,-1.863205,0.237943,1.667714,-2.067671,-0.169787,1.487113,-1.984928,0.146336,0.671023,-1.952283
-0.304189,1.119404,-1.761487,0.340643,1.748171,-2.248756,-0.168227,1.619543,-2.300015,0.205823,0.807443,-2.047656
-0.270517,1.212811,-1.701805,0.411851,1.636123,-2.404324,-0.25531,1.580838,-2.601079,0.215573,0.939919,-2.104796
-0.304896,1.257169,-1.640197,0.426053,1.366832,-2.532481,-0.258575,1.385594,-2.6939,0.169308,1.025658,-2.096864
-0.291503,1.270719,-1.575663,0.421633,1.121424,-2.55286,-0.21141,1.166652,-2.632156,0.168015,1.082682,-2.05859
-0.246185,1.279712,-1.527668,0.372649,0.959891,-2.413093,-0.215639,1.020611,-2.476547,0.20041,1.096465,-1.986681
-0.240368,1.294286,-1.50573,0.339633,0.832099,-2.220844,-0.233842,0.950305,-2.27504,0.197213,1.064493,-1.877137
-0.237557,1.32138,-1.456007,0.323573,0.800486,-2.059325,-0.251862,0.924112,-2.008511,0.192927,1.070106,-1.789119
-0.259885,1.42615,-1.50448,0.227979,0.884542,-1.963701,-0.29144,0.944487,-1.75951,0.142422,1.197278,-1.756418
-0.273056,1.569233,-1.699344,0.128485,0.991296,-1.901767,-0.330866,0.985037,-1.76623,-0.00184,1.407724,-1.842635
-0.279451,1.722212,-1.969892,0.222766,1.091644,-1.931241,-0.283602,1.023038,-1.762339,0.115049,1.557974,-2.010694
-0.307881,1.770037,-2.284599,0.337205,1.175522,-1.901374,-0.213065,1.080564,-1.759561,0.234601,1.601598,-2.23968
-0.373001,1.571016,-2.469571,0.362827,1.218566,-1.827073,-0.195862,1.159252,-1.756777,0.220105,1.424068,-2.408976
-0.385065,1.274329,-2.521015,0.384821,1.241634,-1.748823,-0.158845,1.2228,-1.723728,0.237229,1.185934,-2.517308
-0.365781,1.065262,-2.486734,0.426005,1.246674,-1.655217,-0.102723,1.236833,-1.641401,0.251979,1.034042,-2.502121
-0.37066,0.964651,-2.370517,0.432127,1.229319,-1.522276,-0.085339,1.230141,-1.535029,0.226979,0.956132,-2.382429
-0.362999,0.930878,-2.204761,0.363197,1.238465,-1.378369,-0.132074,1.236111,-1.440602,0.183888,0.917963,-2.219052
-0.34515,0.940228,-2.039175,0.294287,1.305359,-1.374815,-0.093903,1.29196,-1.431045,0.046203,0.892945,-1.966639
-0.336226,0.987106,-1.851972,0.225946,1.421089,-1.519171,0.026122,1.408745,-1.549826,-0.067232,0.931547,-1.869819
-0.362036,1.073023,-1.916835,0.275572,1.593777,-1.791479,0.180419,1.533076,-1.779021,-0.083019,0.966347,-1.849471
-0.37643,1.140381,-1.898053,0.37453,1.7382,-2.189588,0.153532,1.651733,-2.091027,-0.101514,1.04691,-1.849669
-0.413402,1.196897,-1.834635,0.449852,1.692238,-2.463244,-0.008403,1.631524,-2.440967,-0.141807,1.136864,-1.835037
-0.404255,1.233149,-1.748839,0.472819,1.479896,-2.587637,-0.117086,1.442983,-2.612696,-0.136009,1.200998,-1.790611
-0.394996,1.25286,-1.661782,0.428319,1.230075,-2.577905,-0.164728,1.220119,-2.621702,-0.130177,1.226461,-1.712469
-0.391513,1.256495,-1.568213,0.390795,1.057339,-2.462937,-0.205158,1.004842,-2.522296,-0.126872,1.215677,-1.605873
-0.379327,1.24596,-1.460821,0.36462,0.963551,-2.272142,-0.210657,0.807141,-2.345748,-0.118734,1.194015,-1.486807
-0.319888,1.262597,-1.372068,0.359962,0.937413,-2.072091,-0.122421,0.678754,-2.04409,-0.144548,1.21302,-1.401627
-0.27778,1.358829,-1.41473,0.356582,0.960658,-1.806861,0.021859,0.681207,-1.814762,-0.173457,1.258428,-1.434365
-0.191969,1.510399,-1.580223,0.371891,1.028792,-1.624003,0.149431,0.718502,-1.808652,0.003341,1.251356,-1.598306
-0.235472,1.721544,-1.814459,0.432322,1.113631,-1.681917,0.214614,0.780746,-1.81773,0.224549,1.309973,-1.856093
-0.324904,1.792875,-2.073079,0.418177,1.184877,-1.693292,0.187273,0.855287,-1.857014,0.294146,1.445892,-2.148926
-0.402921,1.601678,-2.380882,0.396835,1.238412,-1.700001,0.152821,0.898579,-1.850176,0.262532,1.44412,-2.33692
-0.404174,1.199834,-2.567265,0.371198,1.281069,-1.678837,0.127475,0.952984,-1.836883,0.213256,1.274006,-2.390889
-0.358671,0.899361,-2.558775,0.333876,1.302736,-1.613801,0.093757,1.005959,-1.805997,0.207459,1.063463,-2.356322
-0.332594,0.765517,-2.423922,0.323914,1.306083,-1.518814,0.08154,1.031325,-1.736924,0.240159,0.88847,-2.278216
-0.330373,0.714563,-2.24901,0.332347,1.303915,-1.410151,0.086039,1.054848,-1.661436,0.24163,0.815057,-2.14115
-0.340979,0.723955,-2.050693,0.28745,1.340396,-1.365119,0.042247,1.133696,-1.568723,0.178407,0.801557,-1.88403
-0.400999,0.804195,-1.973871,0.090361,1.430022,-1.476843,-0.101416,1.282926,-1.651947,0.066105,0.833602,-1.756297
-0.460789,0.892656,-2.011185,0.014836,1.561491,-1.707918,-0.142366,1.436517,-1.895276,0.012344,0.865867,-1.715153
-0.494078,0.995587,-1.980752,0.25548,1.709739,-2.021709,-0.266921,1.599325,-2.249135,-0.010683,0.96573,-1.737073
-0.52153,1.082915,-1.878081,0.421761,1.716502,-2.309781,-0.30905,1.626325,-2.57222,-0.037902,1.103023,-1.754261
-0.45815,1.148293,-1.775317,0.469648,1.506882,-2.522361,-0.267745,1.478661,-2.699845,-0.016968,1.230654,-1.74256
-0.369622,1.182435,-1.673665,0.43316,1.238892,-2.598943,-0.213255,1.259186,-2.690633,0.037805,1.295217,-1.682169
-0.325042,1.194937,-1.573266,0.392829,1.049422,-2.518273,-0.173259,1.023882,-2.594561,0.08465,1.284746,-1.574068
-0.325423,1.203897,-1.470036,0.355054,0.933374,-2.332647,-0.127268,0.805254,-2.401865,0.100729,1.243063,-1.442332
-0.327103,1.234191,-1.361719,0.350182,0.886118,-2.115682,-0.01963,0.672263,-2.100106,0.063087,1.235647,-1.349267
-0.287439,1.336374,-1.377006,0.350071,0.909189,-1.815087,0.092414,0.692095,-1.896209,-0.001771,1.269345,-1.369037
-0.197177,1.466287,-1.533114,0.342376,0.987767,-1.613769,0.151338,0.734609,-1.904777,0.059599,1.276697,-1.525518
-0.174774,1.657791,-1.76963,0.403679,1.06548,-1.70686,0.199237,0.75069,-1.888312,0.192523,1.349434,-1.787184
-0.278416,1.766532,-2.013962,0.405775,1.129049,-1.731603,0.180543,0.781235,-1.876923,0.284034,1.470753,-2.081827
-0.387746,1.680576,-2.246385,0.403205,1.170752,-1.747358,0.153761,0.772962,-1.807205,0.280111,1.427255,-2.327117
-0.412547,1.352589,-2.468164,0.372741,1.202045,-1.723257,0.111877,0.816107,-1.734644,0.247469,1.203283,-2.442798
-0.36643,0.953338,-2.538833,0.288385,1.219663,-1.642269,0.015201,0.859531,-1.716578,0.231442,0.952291,-2.433291
-0.304213,0.698973,-2.44889,0.258538,1.231584,-1.546073,-0.03497,0.895586,-1.693979,0.273612,0.747809,-2.311601
-0.320339,0.6646,-2.287626,0.289982,1.235745,-1.503893,-0.040749,0.919473,-1.653588,0.279053,0.657653,-2.078939
-0.368028,0.70876,-2.006697,0.168612,1.244905,-1.626199,-0.126734,0.962287,-1.671552,0.189845,0.601682,-1.804994
-0.368489,0.78292,-1.947117,-0.033291,1.349982,-1.819701,-0.134162,1.029087,-1.741365,0.143091,0.593777,-1.704767
-0.318929,0.855396,-1.968671,-0.095926,1.49016,-2.059568,0.011946,1.181049,-1.827536,0.197408,0.645828,-1.716058
-0.375997,0.950306,-1.972319,0.177582,1.662746,-2.182638,-0.08877,1.417704,-2.061951,0.178705,0.695043,-1.72688
-0.38147,1.051485,-1.894084,0.393939,1.739423,-2.292933,-0.216889,1.549857,-2.404699,0.198552,0.817969,-1.752157
-0.23079,1.146372,-1.801646,0.3774,1.53504,-2.506284,-0.220325,1.462225,-2.637548,0.308099,0.948859,-1.785229
-0.234859,1.204021,-1.73507,0.297734,1.128251,-2.627408,-0.217038,1.247167,-2.664065,0.279092,1.019222,-1.74668
-0.24468,1.235936,-1.671454,0.292275,0.783973,-2.575346,-0.185951,1.039569,-2.528883,0.277057,1.034503,-1.715445
-0.212623,1.243834,-1.634144,0.234692,0.570663,-2.391568,-0.198689,0.852638,-2.345577,0.317831,1.085608,-1.695818
-0.223171,1.295802,-1.638904,0.224433,0.476068,-2.180747,-0.229154,0.741754,-2.135863,0.311668,1.111017,-1.701733
-0.266365,1.350763,-1.632602,0.24201,0.465687,-2.033465,-0.259274,0.693454,-1.904221,0.263262,1.111945,-1.774537
-0.279509,1.431286,-1.745293,0.246804,0.542227,-1.901512,-0.27801,0.727249,-1.916931,0.134193,1.089431,-1.829098
-0.203562,1.538656,-1.929854,0.295633,0.697887,-1.80949,-0.273224,0.696549,-1.885411,0.125015,1.237513,-1.948272
-0.201504,1.560639,-2.085651,0.388171,0.815724,-1.941097,-0.239973,0.68494,-1.865139,0.185642,1.468514,-2.127687
-0.118727,1.402554,-2.272214,0.363187,0.891357,-2.025942,-0.279652,0.708089,-1.853701,0.254628,1.44083,-2.424069
-0.114632,1.186053,-2.501511,0.241177,0.909452,-2.024445,-0.396026,0.73085,-1.845655,0.304558,1.163597,-2.596849
-0.265125,1.072011,-2.568008,0.307223,0.968807,-2.036751,-0.323653,0.754374,-1.810349,0.329978,0.891221,-2.534394
-0.362001,0.995152,-2.439958,0.386585,1.058664,-2.006363,-0.226551,0.832104,-1.789636,0.255748,0.681937,-2.397657
-0.382739,0.916798,-2.278185,0.321934,1.142421,-1.937565,-0.264517,0.971515,-1.814252,0.194649,0.539635,-2.267449
-0.334092,0.858697,-2.131134,0.164969,1.218601,-1.868241,-0.371319,1.119116,-1.844614,0.226133,0.456435,-2.134347
-0.314704,0.842556,-2.016955,0.123615,1.332639,-1.921373,-0.375847,1.177813,-1.88657,0.245118,0.506458,-1.940672
-0.289951,0.825218,-1.924872,0.112845,1.480511,-2.100382,-0.274497,1.237729,-1.994215,0.205893,0.619775,-1.891541
-0.223412,0.833318,-1.811324,0.212848,1.545827,-2.332726,-0.100831,1.326231,-2.148411,0.183637,0.660847,-1.936015
-0.240476,0.918851,-1.851545,0.288773,1.500515,-2.412494,0.05074,1.411176,-2.29578,0.189367,0.739923,-1.984893
-0.171001,1.005917,-1.813142,0.298793,1.298931,-2.549358,0.031555,1.357345,-2.397523,0.282692,0.861038,-2.042449
-0.096068,1.060833,-1.775787,0.273315,1.077326,-2.626745,-0.071736,1.139826,-2.398944,0.386116,0.907722,-2.026073
-0.118663,1.111976,-1.786183,0.224135,0.812901,-2.542701,-0.169866,0.878048,-2.269759,0.361522,0.918428,-1.976584
-0.161045,1.155128,-1.816829,0.237367,0.6103,-2.38215,-0.19462,0.739632,-2.140678,0.308957,0.908788,-1.917283
-0.15568,1.181917,-1.79336,0.218046,0.498956,-2.18965,-0.210633,0.698447,-2.047129,0.317671,0.906696,-1.859775
-0.185064,1.210457,-1.755465,0.084083,0.546307,-2.006169,-0.25474,0.642541,-1.958006,0.236947,0.963995,-1.854648
-0.188991,1.212115,-1.778502,-0.014404,0.61618,-1.906425,-0.242596,0.594765,-1.851531,0.152917,1.087738,-1.870412
-0.122218,1.215971,-1.888681,0.028759,0.62019,-1.799049,-0.216706,0.583422,-1.809573,0.096153,1.211851,-1.994068
-0.037554,1.315182,-2.032127,0.079625,0.690199,-1.83836,-0.200273,0.593427,-1.788494,0.147279,1.29154,-2.276066
-0.088242,1.309237,-2.234647,0.016544,0.768036,-1.886376,-0.283187,0.644198,-1.810452,0.257683,1.307372,-2.570108
-0.268612,1.155676,-2.471766,-0.028952,0.81475,-1.920069,-0.323225,0.675368,-1.800806,0.312806,1.215803,-2.700159
-0.353962,0.979709,-2.554388,-0.04838,0.84175,-1.937014,-0.31328,0.700756,-1.770434,0.303154,1.054819,-2.674622
-0.363625,0.877337,-2.468637,-0.085901,0.872345,-1.958346,-0.314266,0.735478,-1.749655,0.292766,0.917316,-2.530896
-0.34315,0.796796,-2.302158,-0.12591,0.928026,-1.970666,-0.340127,0.788836,-1.748728,0.286048,0.831391,-2.328892
-0.312715,0.735979,-2.115713,-0.14515,1.005546,-1.961712,-0.380841,0.845057,-1.750922,0.283757,0.791735,-2.084918
-0.290726,0.732089,-1.890997,-0.155027,1.085843,-1.944952,-0.381914,0.900821,-1.817004,0.267746,0.831431,-1.974941
-0.232223,0.835514,-1.698397,-0.161277,1.1492,-2.053514,-0.322214,0.997985,-1.962721,0.254703,0.848238,-1.962311
-0.249518,0.908717,-1.745238,-0.091442,1.288768,-2.263842,-0.251333,1.122648,-2.064628,0.238964,0.87855,-1.935819
-0.201705,0.981396,-1.737041,0.032095,1.38905,-2.496338,-0.230909,1.216526,-2.194605,0.296779,0.971171,-1.957514
-0.166685,1.028661,-1.738438,0.078237,1.395282,-2.571348,-0.210576,1.175109,-2.33972,0.292858,1.058841,-1.950308
-0.136659,1.052764,-1.748931,0.084624,1.1717,-2.576784,-0.142618,0.991521,-2.358508,0.266687,1.115497,-1.9123
-0.119272,1.076312,-1.733794,0.1019,0.845263,-2.531672,-0.154604,0.808316,-2.274457,0.268058,1.112037,-1.83426
-0.133801,1.108108,-1.658017,0.079547,0.621968,-2.3925,-0.215419,0.668339,-2.189654,0.290187,1.102929,-1.775922
-0.135246,1.074992,-1.633635,-0.010926,0.53046,-2.201689,-0.264685,0.56134,-2.108222,0.294798,1.11964,-1.763862
-0.110691,1.039872,-1.640611,-0.089036,0.492455,-1.961088,-0.28438,0.498709,-1.907114,0.252247,1.189538,-1.795567
-0.075045,1.067357,-1.742165,-0.165776,0.482213,-1.801069,-0.269043,0.4749,-1.687434,0.189137,1.267663,-1.90492
-0.09623,1.097171,-1.841888,-0.195625,0.570158,-1.889059,-0.29324,0.511934,-1.590781,0.182188,1.337212,-2.109518
-0.209797,1.215359,-1.970448,-0.228186,0.67892,-1.973895,-0.31723,0.612113,-1.660918,0.226914,1.401429,-2.365232
-0.32928,1.30824,-2.184518,-0.201343,0.764647,-2.010829,-0.32034,0.675381,-1.709683,0.263199,1.431196,-2.610394
-0.398427,1.221194,-2.391417,-0.154522,0.80073,-2.024821,-0.311313,0.708561,-1.723096,0.310711,1.327237,-2.69657
-0.384185,1.005164,-2.493668,-0.122437,0.835953,-2.040578,-0.289261,0.72279,-1.713678,0.288368,1.169018,-2.694392
-0.368035,0.8441,-2.395466,-0.106838,0.911115,-2.068516,-0.308464,0.732699,-1.691705,0.273238,1.015615,-2.550801
-0.344274,0.686147,-2.268293,-0.124738,0.98368,-2.068263,-0.343676,0.76221,-1.690019,0.27159,0.8869,-2.329315
-0.311923,0.553445,-2.146172,-0.151746,1.068484,-2.022365,-0.409097,0.834563,-1.715158,0.286136,0.833449,-2.100163
-0.283638,0.606607,-2.011867,-0.177288,1.100781,-1.994355,-0.372639,0.904014,-1.792569,0.279293,0.877377,-2.103415
-0.24533,0.799977,-1.80872,-0.150676,1.180368,-2.062653,-0.279106,0.987979,-1.935052,0.282906,0.847543,-2.03203
-0.247384,0.931112,-1.753038,-0.071075,1.28223,-2.229465,-0.281859,1.11895,-2.118451,0.180225,0.81296,-1.938547
-0.24355,0.98879,-1.767046,0.04621,1.37488,-2.47736,-0.227153,1.223356,-2.235855,0.133592,0.922562,-1.948778
-0.130753,1.021698,-1.723707,0.151019,1.332681,-2.678392,-0.238129,1.208469,-2.318448,0.185819,1.068488,-1.980927
-0.098505,1.045893,-1.708026,0.111182,1.14205,-2.638261,-0.269188,1.062017,-2.344553,0.184543,1.113892,-1.938967
-0.10732,1.080115,-1.690773,0.041535,0.862406,-2.48519,-0.233987,0.878066,-2.282956,0.180812,1.072289,-1.865641
-0.095378,1.110357,-1.622321,-0.000862,0.625517,-2.317056,-0.209716,0.709062,-2.157011,0.237652,1.077476,-1.839556
-0.119513,1.076738,-1.596195,-0.008807,0.523821,-2.141317,-0.25149,0.599898,-2.045509,0.23088,1.092625,-1.817847
-0.088944,1.010822,-1.620777,-0.05464,0.484651,-1.910226,-0.278205,0.542166,-1.85493,0.235247,1.15414,-1.820029
-0.046314,1.029255,-1.723117,-0.158466,0.469201,-1.736278,-0.27465,0.500529,-1.648039,0.226975,1.237628,-1.908954
-0.097667,1.048129,-1.79232,-0.220585,0.586906,-1.866907,-0.31532,0.530195,-1.571214,0.186552,1.298475,-2.080158
-0.220068,1.189262,-1.915876,-0.235945,0.68481,-1.944813,-0.327555,0.628126,-1.651873,0.209314,1.354394,-2.308682
-0.323452,1.327051,-2.156875,-0.186296,0.770387,-1.970302,-0.31598,0.676648,-1.688122,0.246959,1.403382,-2.555027
-0.3946,1.272972,-2.38417,-0.134951,0.818941,-1.979302,-0.302228,0.719563,-1.712098,0.300263,1.327773,-2.70156
-0.392034,1.08361,-2.488694,-0.107814,0.857315,-1.987585,-0.280396,0.737598,-1.710592,0.27276,1.1935,-2.69681
-0.379912,0.895749,-2.407898,-0.078123,0.933652,-2.025077,-0.292045,0.743887,-1.694908,0.260186,1.038277,-2.544473
-0.34328,0.696086,-2.289267,-0.098403,0.994913,-2.04108,-0.321491,0.776134,-1.707614,0.268803,0.904179,-2.291673
-0.311687,0.553344,-2.163602,-0.136774,1.051921,-2.021948,-0.373059,0.840276,-1.736153,0.264786,0.897927,-2.217763
-0.278166,0.614178,-2.015885,-0.168318,1.085418,-2.013226,-0.330238,0.89795,-1.796542,0.288625,0.89322,-2.1995
-0.211534,0.800843,-1.867588,-0.147669,1.171059,-2.025005,-0.267125,0.958269,-1.924829,0.302628,0.881725,-2.143279
-0.108182,0.914557,-1.763122,-0.093078,1.241762,-2.177941,-0.28656,1.089906,-2.087046,0.16787,0.848753,-2.036861
-0.188653,0.984867,-1.831323,0.036748,1.340855,-2.436564,-0.226758,1.224473,-2.209037,0.039106,0.917286,-1.998568
-0.074191,1.031531,-1.780758,0.285482,1.35716,-2.661772,-0.221885,1.239926,-2.314345,0.122794,1.004936,-2.046209
0.03395,1.059716,-1.704093,0.238225,1.211167,-2.616447,-0.24964,1.107113,-2.373545,0.144385,0.962283,-2.02655
-0.024827,0.951295,-1.6184,0.076117,0.949149,-2.45256,-0.209473,0.875896,-2.317395,0.158111,0.990597,-2.019334
-0.031625,0.910952,-1.600065,0.088123,0.806443,-2.272626,-0.141897,0.68837,-2.168849,0.218522,1.003002,-1.978259
-0.034651,0.937824,-1.592995,0.115682,0.689511,-2.123374,-0.157948,0.585886,-2.007182,0.236714,0.969973,-1.889074
-0.132867,0.913155,-1.617419,0.118823,0.568432,-2.040353,-0.255508,0.52623,-1.849824,0.216347,0.967797,-1.830822
-0.104582,0.886124,-1.698235,-0.004249,0.50785,-1.808366,-0.281794,0.502583,-1.685991,0.267077,1.095891,-1.856972
0.037554,0.97953,-1.770248,-0.185519,0.521576,-1.589115,-0.287435,0.524601,-1.61109,0.277293,1.262833,-1.989184
-0.009428,1.135094,-1.875447,-0.229489,0.596814,-1.700419,-0.297767,0.603724,-1.679067,0.234725,1.344482,-2.210768
-0.218443,1.339114,-2.084178,-0.233573,0.674365,-1.812274,-0.306075,0.646139,-1.714127,0.267573,1.463834,-2.469631
-0.395738,1.34266,-2.356339,-0.174353,0.752504,-1.886644,-0.277758,0.67021,-1.725863,0.316608,1.486308,-2.675295
-0.40206,1.100819,-2.514881,-0.143805,0.816826,-1.911406,-0.270796,0.70161,-1.729348,0.306214,1.300174,-2.697007
-0.372172,0.912382,-2.508045,-0.145671,0.864546,-1.934308,-0.286057,0.714501,-1.713149,0.281605,1.079619,-2.626387
-0.354652,0.790608,-2.388437,-0.151564,0.915032,-1.968167,-0.30164,0.716156,-1.681434,0.28532,0.929675,-2.456933
-0.338088,0.639143,-2.241968,-0.163067,0.990328,-1.980271,-0.325199,0.770423,-1.690387,0.28683,0.83673,-2.237435
-0.309414,0.560784,-2.072759,-0.181915,1.083302,-1.955117,-0.374102,0.862961,-1.729949,0.290454,0.776698,-1.986181
-0.264492,0.62093,-1.841565,-0.183454,1.170397,-1.935341,-0.363555,0.968663,-1.82322,0.285257,0.799361,-1.854633
-0.272607,0.710967,-1.799138,-0.163968,1.227897,-2.078625,-0.281754,1.096141,-2.000602,0.287032,0.830713,-1.864139
-0.258765,0.805223,-1.803683,-0.065552,1.3426,-2.304999,-0.246619,1.21448,-2.123044,0.335826,0.895355,-1.879399
-0.219598,0.899481,-1.781957,0.055359,1.475047,-2.503276,-0.237948,1.262517,-2.262251,0.388138,1.009419,-1.906301
-0.211831,0.962478,-1.785893,0.081532,1.447989,-2.533116,-0.196133,1.160372,-2.407644,0.353904,1.08239,-1.887839
-0.21534,1.005391,-1.787002,0.133342,1.183392,-2.500686,-0.116826,0.960158,-2.439144,0.29661,1.116984,-1.840641
-0.172285,1.0404,-1.744947,0.214069,0.873445,-2.477654,-0.110387,0.809494,-2.364091,0.323773,1.12769,-1.784379
-0.111701,1.066075,-1.658384,0.179546,0.689657,-2.362497,-0.176642,0.682989,-2.260099,0.359833,1.082522,-1.756626
-0.099401,1.099164,-1.618409,0.053617,0.613466,-2.186544,-0.268872,0.568257,-2.139057,0.305784,1.040222,-1.756401
-0.143676,1.135923,-1.640534,-0.037316,0.582308,-2.031424,-0.293241,0.495172,-1.947297,0.100052,1.059868,-1.81471
-0.175452,1.166966,-1.756716,-0.074805,0.648429,-2.105058,-0.246346,0.515842,-1.834782,-0.081373,1.154804,-1.857529
-0.106687,1.229359,-1.941884,-0.102718,0.735188,-2.156259,-0.151848,0.568369,-1.735455,0.064477,1.247845,-2.062677
-0.012758,1.384419,-2.097377,-0.207642,0.841175,-2.111199,-0.214441,0.660086,-1.715868,0.272284,1.380843,-2.389399
-0.140677,1.447548,-2.302544,-0.236218,0.943115,-2.045891,-0.342495,0.778474,-1.83651,0.306752,1.460384,-2.652913
-0.371655,1.365191,-2.565229,-0.182532,1.082084,-2.052645,-0.33432,0.825166,-1.879383,0.353382,1.362628,-2.697724
-0.422383,1.189939,-2.650276,-0.104799,1.184139,-2.08079,-0.261996,0.895294,-1.911747,0.323567,1.177228,-2.595575
-0.396024,1.031169,-2.562718,-0.097287,1.270466,-2.069613,-0.263368,1.004419,-1.96233,0.276674,1.020857,-2.497428
-0.348143,0.944202,-2.389258,-0.134775,1.326239,-2.021299,-0.314121,1.103398,-1.993978,0.269153,0.863486,-2.363736
-0.300847,0.922574,-2.197637,-0.123472,1.363154,-1.964352,-0.317232,1.15454,-1.973408,0.286123,0.746264,-2.189047
-0.300285,0.927119,-2.054239,-0.004693,1.414206,-1.960056,-0.231183,1.199005,-1.947751,0.287086,0.733509,-2.027584
-0.262715,0.99351,-2.027509,0.109062,1.519799,-2.102934,-0.091082,1.314305,-1.977029,0.218644,0.809672,-1.894316
-0.276849,1.092915,-2.032541,0.06641,1.637915,-2.276478,-0.032034,1.44179,-2.143894,0.237662,0.903437,-1.946778
-0.242307,1.16931,-1.971881,0.087415,1.713434,-2.330981,-0.114958,1.537425,-2.428144,0.295295,1.002249,-1.973848
-0.212985,1.217801,-1.890782,0.203936,1.62748,-2.511189,-0.213701,1.518196,-2.580045,0.3351,1.074718,-1.957871
-0.196882,1.246936,-1.828834,0.212125,1.334705,-2.675893,-0.23833,1.344764,-2.628092,0.320853,1.132502,-1.906458
-0.219125,1.270332,-1.791311,0.194651,0.952574,-2.638759,-0.248917,1.133929,-2.562857,0.26491,1.145312,-1.820569
-0.208722,1.288242,-1.734637,0.232483,0.66886,-2.470579,-0.250435,0.952229,-2.421964,0.269237,1.125431,-1.776738
-0.212945,1.310484,-1.665029,0.274684,0.519294,-2.263934,-0.275014,0.837378,-2.260042,0.276044,1.144615,-1.746294
-0.308325,1.341123,-1.629368,0.256157,0.525107,-2.086832,-0.316955,0.770918,-2.072785,0.155979,1.171821,-1.745855
-0.354771,1.4123,-1.669199,0.227778,0.596609,-1.981566,-0.293264,0.720092,-1.881339,-0.028468,1.219759,-1.768227
-0.255105,1.437256,-1.828259,0.29676,0.648221,-1.987723,-0.257136,0.682528,-1.814513,-0.122461,1.305895,-1.910997
-0.103367,1.532999,-2.007367,0.378266,0.736795,-2.094235,-0.210647,0.696882,-1.789425,0.055498,1.447101,-2.187367
-0.1494,1.573305,-2.290421,0.313121,0.835707,-2.120807,-0.295293,0.749219,-1.796607,0.263009,1.456509,-2.507004
-0.273744,1.377573,-2.578176,0.222107,0.877634,-2.09905,-0.357573,0.775648,-1.772878,0.349547,1.280331,-2.69801
-0.347469,1.165012,-2.674681,0.293505,0.965381,-2.0663,-0.258099,0.81607,-1.726036,0.351333,1.029214,-2.685878
-0.405109,1.025908,-2.598613,0.304551,1.053604,-2.024818,-0.200755,0.904562,-1.753965,0.279048,0.801793,-2.592086
-0.395187,0.940954,-2.424035,0.158219,1.127637,-1.93519,-0.276408,1.047887,-1.819343,0.239392,0.619431,-2.432469
-0.332307,0.898323,-2.22789,0.050226,1.180441,-1.867026,-0.370016,1.164776,-1.829164,0.258632,0.50638,-2.250548
-0.310412,0.890006,-2.078224,0.030633,1.286257,-1.881632,-0.362504,1.214053,-1.839208,0.273873,0.48476,-2.000776
-0.287374,0.801426,-1.976985,0.017436,1.421222,-2.0221,-0.236491,1.262417,-1.934776,0.209074,0.576795,-1.775215
-0.237099,0.836292,-2.013474,-0.007738,1.569093,-2.247481,-0.044859,1.34,-2.10504,0.256721,0.679565,-1.885742
-0.177927,0.928061,-1.998111,0.022217,1.637579,-2.340593,0.08053,1.448998,-2.317724,0.304363,0.84028,-1.997384
-0.154012,1.017841,-1.947394,0.206207,1.556086,-2.427986,0.003259,1.479369,-2.461947,0.32913,0.990816,-2.061742
-0.112819,1.090443,-1.880902,0.321367,1.342387,-2.582168,-0.139911,1.341787,-2.515844,0.373529,1.088102,-2.051969
-0.106279,1.156886,-1.869333,0.282268,1.080645,-2.597138,-0.200723,1.089622,-2.49989,0.340961,1.097805,-1.96143
-0.168839,1.201869,-1.887205,0.30001,0.780698,-2.480609,-0.224327,0.87436,-2.41107,0.234023,1.041202,-1.881941
-0.182184,1.245087,-1.858439,0.31696,0.559232,-2.301853,-0.238777,0.752743,-2.269115,0.212944,1.023723,-1.838761
-0.203593,1.287187,-1.76981,0.257548,0.506098,-2.117964,-0.26901,0.708922,-2.131049,0.213268,1.083362,-1.82197
-0.24232,1.348879,-1.7236,0.174861,0.622873,-1.981583,-0.302737,0.655415,-1.997811,0.138992,1.171987,-1.822364
-0.236753,1.445045,-1.796087,0.176523,0.733129,-1.88377,-0.29802,0.627693,-1.915591,-0.04661,1.285336,-1.866812
-0.137072,1.477008,-2.001069,0.278698,0.784609,-1.903104,-0.242979,0.616717,-1.876671,-0.052669,1.416587,-2.098172
-0.185146,1.541768,-2.192746,0.328039,0.885492,-1.96749,-0.217843,0.627486,-1.863567,0.20448,1.474409,-2.427695
-0.29145,1.510481,-2.451923,0.356374,0.964091,-1.983928,-0.215451,0.647727,-1.846217,0.330442,1.360466,-2.643354
-0.344161,1.294082,-2.622696,0.400405,1.028464,-1.944321,-0.178367,0.694593,-1.823489,0.319686,1.089626,-2.654032
-0.377495,1.093276,-2.598259,0.409155,1.097166,-1.883882,-0.148729,0.779217,-1.84461,0.282906,0.807236,-2.571132
-0.378314,0.96852,-2.445279,0.350938,1.160339,-1.822943,-0.196849,0.894186,-1.8908,0.260883,0.610364,-2.444267
-0.333454,0.894301,-2.261172,0.316685,1.221037,-1.797512,-0.244605,0.967265,-1.902826,0.267813,0.515914,-2.265596
-0.324173,0.882535,-2.096122,0.277539,1.304388,-1.83422,-0.264156,1.01082,-1.89411,0.267928,0.478742,-1.99475
-0.325302,0.944895,-2.075375,0.264008,1.421142,-1.853091,-0.218477,1.07518,-1.904332,0.253692,0.553115,-1.826989
-0.324822,1.021621,-2.011639,0.178134,1.589672,-2.05021,-0.08843,1.25547,-1.999084,0.297472,0.630381,-1.908271
-0.366988,1.083667,-1.901511,0.225657,1.700822,-2.174585,-0.088554,1.482445,-2.222376,0.276918,0.730873,-1.972011
-0.417763,1.154136,-1.810195,0.39844,1.728216,-2.351001,-0.218681,1.592703,-2.519236,0.201008,0.876038,-2.037965
-0.346895,1.210363,-1.734184,0.446905,1.539392,-2.561689,-0.254149,1.485107,-2.681196,0.193276,1.017866,-2.062207
-0.272623,1.230784,-1.644875,0.422191,1.223003,-2.609599,-0.227904,1.275856,-2.685926,0.21495,1.088086,-2.014733
-0.246865,1.238976,-1.60023,0.378917,0.945825,-2.504491,-0.211677,1.072609,-2.584562,0.211378,1.088923,-1.914006
-0.253881,1.257457,-1.563962,0.355102,0.706567,-2.33018,-0.23904,0.934454,-2.384501,0.202177,1.104542,-1.824624
-0.256048,1.288068,-1.504735,0.324371,0.582842,-2.150096,-0.257213,0.875875,-2.090564,0.209124,1.149223,-1.772981
-0.25464,1.360122,-1.459171,0.262201,0.687227,-2.00639,-0.271164,0.887801,-1.808338,0.20715,1.215231,-1.736611
-0.214697,1.493211,-1.566318,0.162326,0.847242,-1.888851,-0.319259,0.968251,-1.757518,0.048711,1.352104,-1.803456
-0.185847,1.629311,-1.816874,0.220393,0.948381,-1.911921,-0.294788,1.029369,-1.752033,0.110455,1.490522,-1.93441
-0.331692,1.760191,-2.163061,0.35879,1.064051,-1.901105,-0.220113,1.081104,-1.737271,0.25627,1.630706,-2.131359
-0.418065,1.696624,-2.405737,0.436511,1.142762,-1.835396,-0.174093,1.154707,-1.721714,0.230975,1.574157,-2.313193
-0.425134,1.440536,-2.484205,0.43337,1.190013,-1.759418,-0.166037,1.247447,-1.702873,0.215098,1.299568,-2.472623
-0.37957,1.177277,-2.476669,0.440184,1.218537,-1.68974,-0.133918,1.297585,-1.641635,0.233777,1.075675,-2.531896
-0.365316,1.022548,-2.408498,0.459235,1.225621,-1.600645,-0.092507,1.296469,-1.537248,0.23619,0.96439,-2.45967
-0.37088,0.953765,-2.280705,0.426514,1.209471,-1.456306,-0.117783,1.292977,-1.428735,0.203792,0.92133,-2.311203
-0.357095,0.938651,-2.12466,0.347643,1.255322,-1.354064,-0.152653,1.312521,-1.373782,0.112622,0.90745,-2.131949
-0.337177,0.965686,-1.926726,0.306361,1.359372,-1.425127,-0.068319,1.38651,-1.445267,-0.043198,0.924002,-1.911057
-0.376923,1.031286,-1.884194,0.281982,1.500014,-1.633437,0.097793,1.495311,-1.619939,-0.109467,0.960102,-1.88953
-0.392049,1.096256,-1.900271,0.339169,1.684441,-1.951239,0.158369,1.596805,-1.918794,-0.13905,1.02305,-1.875821
-0.412629,1.151735,-1.850316,0.415309,1.749259,-2.336996,0.032772,1.644422,-2.279021,-0.17312,1.112509,-1.863396
-0.411726,1.197264,-1.776017,0.475231,1.616477,-2.595998,-0.106591,1.544989,-2.556361,-0.176448,1.184261,-1.826018
-0.38689,1.228866,-1.696794,0.464275,1.352598,-2.618893,-0.171003,1.32915,-2.655586,-0.155182,1.221294,-1.756021
-0.376689,1.247377,-1.618744,0.408719,1.13773,-2.538645,-0.202313,1.104826,-2.602129,-0.144737,1.22258,-1.658871
-0.371182,1.252886,-1.5342,0.374308,1.004203,-2.378916,-0.218936,0.895244,-2.451238,-0.140074,1.202727,-1.544429
-0.353939,1.244527,-1.422033,0.354763,0.946521,-2.171952,-0.183308,0.726578,-2.214125,-0.128097,1.194236,-1.432717
-0.301541,1.29133,-1.389139,0.354178,0.947013,-1.951489,-0.054332,0.651019,-1.891985,-0.149237,1.231617,-1.399736
-0.272329,1.417212,-1.492455,0.369346,0.990088,-1.706737,0.029548,0.715582,-1.84934,-0.127699,1.260949,-1.489965
-0.08573,1.619332,-1.685939,0.40461,1.076952,-1.603838,0.194037,0.758659,-1.834227,0.09143,1.293246,-1.71095
-0.143721,1.764543,-1.933426,0.428211,1.158955,-1.65895,0.202179,0.813092,-1.855425,0.232545,1.424856,-1.974692
-0.336557,1.739308,-2.194,0.40995,1.223552,-1.688779,0.172884,0.858354,-1.866501,0.309988,1.483798,-2.242348
-0.411643,1.445481,-2.459059,0.38344,1.266314,-1.690466,0.145613,0.892632,-1.843637,0.236611,1.355009,-2.387881
-0.381448,1.030576,-2.563467,0.353293,1.298524,-1.64671,0.122546,0.95332,-1.823199,0.183789,1.153148,-2.397792
-0.341405,0.805839,-2.493867,0.317914,1.30852,-1.558052,0.088534,0.999092,-1.775968,0.20736,0.954201,-2.343964
-0.327606,0.702691,-2.337659,0.309454,1.303748,-1.439673,0.07322,1.024069,-1.697477,0.245315,0.829193,-2.229782
-0.335279,0.659218,-2.149183,0.303139,1.307562,-1.351701,0.054521,1.062923,-1.633688,0.216112,0.799758,-1.992997
-0.311224,0.709189,-1.919683,0.206716,1.375378,-1.419167,-0.01784,1.1723,-1.597849,0.105626,0.793041,-1.753401
-0.374743,0.81873,-1.967795,0.07664,1.498092,-1.588924,-0.035662,1.351774,-1.683133,0.059197,0.847854,-1.731195
-0.466474,0.9232,-1.9583,0.176312,1.652576,-1.884331,-0.112196,1.518155,-1.975767,-0.017214,0.924862,-1.723476
-0.52469,1.024711,-1.871218,0.368135,1.741978,-2.181655,-0.249628,1.583735,-2.397405,-0.064703,1.066669,-1.751893
-0.474887,1.115762,-1.787458,0.458409,1.638096,-2.413988,-0.224669,1.517047,-2.690157,-0.059069,1.201385,-1.74959
-0.421412,1.170873,-1.704687,0.452249,1.385528,-2.568542,-0.189445,1.340121,-2.697503,-0.043942,1.279079,-1.698151
-0.386027,1.195537,-1.623575,0.424501,1.147042,-2.582241,-0.139609,1.127887,-2.64831,-0.028032,1.303211,-1.612925
-0.358005,1.20572,-1.52899,0.384158,0.997676,-2.445464,-0.116978,0.919664,-2.504383,0.002486,1.28641,-1.501345
-0.33508,1.205946,-1.4112,0.36213,0.929764,-2.241458,-0.071762,0.751659,-2.271481,0.042653,1.251988,-1.378729
-0.317235,1.263541,-1.355282,0.351983,0.919838,-2.012421,0.048102,0.66363,-1.941508,0.025473,1.239354,-1.331865
-0.305205,1.382813,-1.440545,0.353185,0.960387,-1.766228,0.094541,0.706363,-1.880612,-0.015679,1.238453,-1.431592
-0.144969,1.555124,-1.633746,0.394725,1.043553,-1.690933,0.200702,0.718107,-1.844118,0.066177,1.29263,-1.646145
-0.153036,1.716711,-1.873671,0.387681,1.108301,-1.763372,0.183275,0.730164,-1.821954,0.195816,1.448227,-1.918037
-0.332361,1.749535,-2.133446,0.359157,1.159885,-1.788568,0.135514,0.733538,-1.796027,0.321063,1.511193,-2.182934
-0.409725,1.568327,-2.410076,0.353234,1.195751,-1.777426,0.133607,0.780457,-1.735409,0.290848,1.363291,-2.376005
-0.402757,1.172053,-2.559887,0.308026,1.223138,-1.708866,0.124881,0.904216,-1.675161,0.215319,1.132808,-2.422316
-0.343182,0.798266,-2.522043,0.231789,1.239702,-1.598028,0.036366,0.980401,-1.676059,0.22984,0.912363,-2.379236
-0.295504,0.626298,-2.378503,0.249381,1.244555,-1.485593,0.000571,1.007319,-1.647757,0.293546,0.790381,-2.166271
-0.333266,0.654309,-2.170877,0.223733,1.266923,-1.531325,-0.027428,1.022147,-1.593332,0.216356,0.776784,-1.853731
-0.329846,0.733981,-1.989732,0.061906,1.350378,-1.686978,-0.100106,1.113297,-1.531486,0.070897,0.784499,-1.680607
-0.355759,0.800159,-2.06929,-0.095351,1.467465,-1.882493,-0.096353,1.263822,-1.606462,0.033192,0.78862,-1.621973
-0.351477,0.875055,-2.113015,0.038173,1.619374,-2.085004,-0.092674,1.453767,-1.866424,0.034017,0.798398,-1.599786
-0.388743,0.984472,-2.102001,0.263298,1.742023,-2.218515,-0.166111,1.602768,-2.255511,0.020064,0.84843,-1.643273
-0.294843,1.095398,-1.97163,0.293166,1.649491,-2.38823,-0.25813,1.602651,-2.532862,0.153138,0.995699,-1.694241
-0.207314,1.168341,-1.820193,0.218732,1.312443,-2.575002,-0.26066,1.441169,-2.653718,0.288571,1.110235,-1.709167
-0.242987,1.231584,-1.773519,0.216239,0.948004,-2.603284,-0.232528,1.218201,-2.649979,0.251676,1.14699,-1.672496
-0.256719,1.26945,-1.753736,0.230443,0.695915,-2.482874,-0.188003,1.04146,-2.48323,0.220893,1.167047,-1.635952
-0.271611,1.29123,-1.714156,0.21686,0.545916,-2.28884,-0.204472,0.924839,-2.278082,0.196557,1.196067,-1.63562
-0.36554,1.306531,-1.674635,0.21419,0.5339,-2.109905,-0.260176,0.831787,-2.06503,0.095965,1.205704,-1.65529
-0.389455,1.362443,-1.74084,0.148369,0.616389,-2.238926,-0.225313,0.792516,-1.837374,-0.022574,1.214245,-1.702377
-0.31585,1.40977,-1.857889,0.189494,0.739409,-2.312643,-0.248764,0.780913,-1.770591,-0.051269,1.269709,-1.871206
-0.164954,1.554022,-2.062746,0.199256,0.874695,-2.323474,-0.271529,0.837462,-1.774405,0.101074,1.387092,-2.177419
-0.242055,1.655311,-2.316458,0.143262,1.010441,-2.29705,-0.355203,0.915258,-1.782311,0.252279,1.505237,-2.453067
-0.362993,1.484426,-2.575512,0.134909,1.087963,-2.276848,-0.307497,0.940868,-1.790982,0.279246,1.398865,-2.63165
-0.39823,1.149079,-2.677816,0.11485,1.146676,-2.249819,-0.247248,0.973626,-1.81423,0.266892,1.19497,-2.657513
-0.389299,0.950945,-2.614069,0.064071,1.208179,-2.19506,-0.25636,1.057524,-1.857472,0.271605,1.004208,-2.589984
-0.348169,0.89836,-2.448908,0.020473,1.257942,-2.113403,-0.308172,1.165475,-1.887014,0.272365,0.845274,-2.448746
-0.318775,0.889438,-2.253493,0.037197,1.293682,-2.030228,-0.31301,1.230822,-1.880529,0.269243,0.77742,-2.277029
-0.301953,0.896362,-2.095868,0.126607,1.33818,-1.97562,-0.232332,1.283461,-1.863528,0.283388,0.789136,-2.120867
-0.371236,0.944155,-1.982246,0.212624,1.429629,-2.040137,-0.126586,1.358986,-1.879325,0.34675,0.837091,-2.138431
-0.37185,1.00747,-1.878072,0.296985,1.524971,-2.179753,-0.070448,1.482113,-1.949976,0.300869,0.827217,-2.106395
-0.29009,1.090478,-1.764415,0.35858,1.609032,-2.255978,-0.061058,1.612006,-2.122042,0.176207,0.797351,-2.040901
-0.324854,1.177528,-1.754528,0.384482,1.604607,-2.381935,-0.083903,1.615506,-2.350487,0.079902,0.824337,-2.010966
-0.301046,1.230206,-1.719263,0.342179,1.400842,-2.537069,-0.069308,1.441974,-2.435375,0.109402,0.905875,-2.00799
-0.248038,1.270796,-1.668605,0.305255,1.063241,-2.581846,-0.080742,1.188537,-2.366366,0.171591,0.960061,-1.973286
-0.257169,1.270496,-1.655061,0.293596,0.756051,-2.49432,-0.143271,0.948828,-2.274666,0.213084,0.97811,-1.922066
-0.311275,1.153373,-1.659986,0.234124,0.590667,-2.315137,-0.211986,0.745207,-2.135706,0.234732,0.98621,-1.882754
-0.344374,1.037845,-1.631585,0.197662,0.570427,-2.130131,-0.244838,0.685391,-2.074679,0.227598,0.984325,-1.842139
-0.352875,1.062574,-1.729032,0.15661,0.562836,-2.008922,-0.261358,0.646927,-2.041005,0.140561,0.986507,-1.833271
-0.259831,1.119998,-1.90749,0.247338,0.563369,-1.967795,-0.194457,0.581763,-1.938066,0.17308,1.105578,-1.949993
-0.277942,1.270717,-2.059914,0.228234,0.648545,-1.824154,-0.140743,0.545727,-1.870676,0.27123,1.316935,-2.083959
-0.329485,1.390911,-2.194858,0.094261,0.732304,-1.754758,-0.110252,0.537719,-1.821941,0.303922,1.408473,-2.297098
-0.246848,1.312454,-2.368628,0.052325,0.785989,-1.817096,-0.153755,0.569487,-1.814211,0.301809,1.350852,-2.521923
-0.235106,1.039002,-2.531075,-0.070652,0.817864,-1.812905,-0.254243,0.637028,-1.833091,0.281054,1.201014,-2.647766
-0.315928,0.863123,-2.549398,-0.119859,0.824409,-1.815972,-0.302874,0.683133,-1.830062,0.311057,1.032067,-2.596075
-0.345585,0.748633,-2.430577,-0.11153,0.891065,-1.849793,-0.304671,0.725277,-1.824755,0.302339,0.909727,-2.389176
-0.333389,0.662233,-2.244653,-0.124373,0.968729,-1.908072,-0.312899,0.776237,-1.827349,0.288044,0.831658,-2.120452
-0.295764,0.638043,-2.026488,-0.1397,1.062425,-1.930725,-0.344077,0.847167,-1.844591,0.27577,0.788928,-1.875203
-0.259973,0.735032,-1.80232,-0.150133,1.108071,-1.977478,-0.320309,0.925466,-1.939601,0.262657,0.822872,-1.896483
-0.222474,0.831526,-1.767845,-0.006103,1.267351,-2.124163,-0.173411,1.03631,-1.982147,0.273266,0.794633,-1.901323
-0.2538,0.918034,-1.762155,0.033452,1.398677,-2.333154,-0.174409,1.194171,-2.104812,0.291603,0.846979,-1.922463
-0.280185,0.998941,-1.748738,0.060863,1.425679,-2.467687,-0.217095,1.256386,-2.343246,0.280782,0.940739,-1.944914
-0.281589,1.045928,-1.74761,0.059713,1.336394,-2.523809,-0.166543,1.142764,-2.453463,0.255328,1.012523,-1.930293
-0.224346,1.073553,-1.731023,0.085447,1.050128,-2.547679,-0.099792,0.936022,-2.385015,0.281987,1.065686,-1.899369
-0.16333,1.096938,-1.680538,0.104414,0.755502,-2.478146,-0.157573,0.778193,-2.270876,0.334722,1.094914,-1.848727
-0.167466,1.120373,-1.608321,0.069231,0.59608,-2.325443,-0.229053,0.647438,-2.182753,0.343012,1.085968,-1.790917
-0.172465,1.125728,-1.595662,-0.035599,0.530587,-2.1396,-0.266843,0.549567,-2.079539,0.295156,1.06613,-1.785675
-0.141138,1.087075,-1.699006,-0.135195,0.488892,-1.942403,-0.275705,0.492598,-1.866523,0.214768,1.116828,-1.850733
-0.133932,1.044282,-1.839783,-0.183659,0.540119,-1.982075,-0.297526,0.50097,-1.676168,0.17099,1.220766,-2.010146
-0.236988,1.145502,-1.938543,-0.249194,0.652989,-2.077512,-0.32142,0.539246,-1.611394,0.244876,1.323892,-2.241091
-0.330695,1.276212,-2.108496,-0.268549,0.756805,-2.110234,-0.325412,0.637397,-1.683242,0.282947,1.424851,-2.488706
-0.391822,1.309277,-2.324575,-0.230327,0.827064,-2.11076,-0.315284,0.695112,-1.720889,0.303744,1.408304,-2.69247
-0.416122,1.178668,-2.445448,-0.187333,0.854116,-2.090972,-0.301037,0.715565,-1.719149,0.314325,1.260145,-2.697467
-0.395919,0.995407,-2.428612,-0.148614,0.879625,-2.097204,-0.286538,0.719117,-1.699075,0.296336,1.093906,-2.629293
-0.366305,0.850379,-2.318328,-0.137045,0.946042,-2.098292,-0.312572,0.726976,-1.673147,0.282072,0.964397,-2.467645
-0.337187,0.681197,-2.199263,-0.14455,1.028378,-2.060313,-0.361621,0.763545,-1.67647,0.280812,0.865856,-2.249541
-0.301799,0.590149,-2.067024,-0.157977,1.117754,-1.98791,-0.428104,0.840937,-1.709915,0.281355,0.82881,-2.038569
-0.267065,0.683535,-1.910829,-0.145408,1.154871,-1.987592,-0.368586,0.930357,-1.834732,0.275762,0.866536,-2.040904
-0.145793,0.881531,-1.714788,-0.110561,1.239277,-2.109679,-0.277964,1.050235,-1.946265,0.249164,0.824091,-1.959051
-0.191859,0.955627,-1.770048,-0.037294,1.361373,-2.330064,-0.242628,1.188914,-2.080166,0.15212,0.871843,-1.956404
-0.108093,1.006742,-1.747916,0.121612,1.413735,-2.562979,-0.211263,1.241099,-2.229553,0.201524,0.995948,-1.990289
-0.062993,1.047476,-1.729583,0.103036,1.321133,-2.630854,-0.251859,1.160668,-2.326085,0.192713,1.081725,-1.991017
-0.066235,1.084839,-1.723521,0.062815,1.036627,-2.572235,-0.231532,0.971428,-2.312241,0.153389,1.104233,-1.948965
-0.071109,1.117318,-1.680555,0.085479,0.750759,-2.437401,-0.201802,0.781406,-2.213082,0.203887,1.086438,-1.881939
-0.118813,1.094894,-1.623047,0.035564,0.581601,-2.234085,-0.233573,0.653787,-2.123983,0.244787,1.084526,-1.841579
-0.130079,1.065177,-1.585789,-0.040217,0.512039,-1.995978,-0.249691,0.57911,-1.97361,0.255595,1.135329,-1.817947
-0.099677,1.096988,-1.580913,-0.121882,0.480943,-1.836298,-0.237639,0.519914,-1.800358,0.256898,1.206719,-1.849426
-0.105068,1.118287,-1.653597,-0.151117,0.487922,-1.755747,-0.258439,0.49618,-1.649449,0.202708,1.235533,-1.971559
-0.126405,1.154066,-1.793216,-0.167963,0.597763,-1.866284,-0.288721,0.555739,-1.623742,0.176403,1.250016,-2.188308
-0.216039,1.250952,-2.011574,-0.166465,0.703284,-1.916424,-0.320637,0.637339,-1.688053,0.212119,1.328052,-2.421227
-0.314131,1.260428,-2.288446,-0.117414,0.792321,-1.95972,-0.312981,0.682134,-1.718286,0.266461,1.316941,-2.64896
-0.353573,1.141725,-2.460419,-0.067831,0.86266,-2.00682,-0.289947,0.708649,-1.729441,0.276247,1.179442,-2.696534
-0.355663,0.966904,-2.450331,-0.060909,0.911868,-2.051585,-0.286814,0.725592,-1.726407,0.265934,1.034514,-2.646315
-0.346432,0.796334,-2.361596,-0.092067,0.954515,-2.080378,-0.311839,0.746157,-1.718427,0.278795,0.934543,-2.490837
-0.327416,0.63897,-2.254564,-0.131852,1.019792,-2.072264,-0.360079,0.803878,-1.73252,0.292528,0.866679,-2.266682
-0.303229,0.562602,-2.116571,-0.155764,1.096718,-2.03257,-0.411165,0.880614,-1.75305,0.287043,0.879144,-2.131281
-0.273921,0.669355,-1.974393,-0.16771,1.137808,-2.016893,-0.36209,0.94616,-1.829951,0.293831,0.899245,-2.118778
-0.20781,0.863491,-1.784913,-0.164198,1.196915,-2.087354,-0.284643,1.038484,-1.981408,0.273975,0.862494,-2.03789
-0.232855,0.957637,-1.777473,-0.09407,1.311619,-2.280944,-0.259395,1.158237,-2.112909,0.134089,0.869703,-1.995444
-0.180188,1.009025,-1.764329,0.049642,1.397483,-2.538097,-0.228963,1.23979,-2.226049,0.156601,0.967542,-2.011456
-0.117383,1.047862,-1.731358,0.079487,1.327728,-2.673507,-0.279202,1.200517,-2.318093,0.160095,1.077265,-2.029487
-0.115862,1.078363,-1.715878,0.055593,1.065372,-2.636526,-0.274399,1.032258,-2.327071,0.115665,1.124027,-1.999269
-0.122215,1.110579,-1.67966,0.066707,0.781555,-2.491804,-0.218117,0.834697,-2.241459,0.165758,1.120392,-1.933322
-0.154183,1.153266,-1.599085,0.004974,0.595993,-2.264663,-0.226799,0.695357,-2.157778,0.22546,1.116917,-1.887331
-0.164879,1.185402,-1.564289,-0.03092,0.520471,-2.052824,-0.228655,0.612089,-2.050727,0.229105,1.147129,-1.859852
-0.158889,1.208087,-1.564194,-0.032443,0.480805,-1.853989,-0.228361,0.550846,-1.870571,0.224152,1.174856,-1.859794
-0.186604,1.191839,-1.68119,-0.060443,0.5136,-1.888508,-0.270744,0.519069,-1.690655,0.180598,1.180981,-1.958133
-0.204152,1.186349,-1.857417,-0.128882,0.600742,-1.973502,-0.315199,0.564937,-1.635079,0.209984,1.253892,-2.152862
-0.262058,1.273934,-2.112814,-0.161582,0.686715,-2.013028,-0.353632,0.631299,-1.682138,0.271806,1.396694,-2.380891
-0.345186,1.314208,-2.384047,-0.146897,0.767043,-2.033821,-0.362306,0.687393,-1.708334,0.316534,1.433075,-2.606796
-0.387831,1.232749,-2.560643,-0.116378,0.832049,-2.03612,-0.344754,0.735032,-1.717584,0.316043,1.31966,-2.698599
-0.397632,1.082372,-2.5678,-0.098365,0.874529,-2.041538,-0.32161,0.760868,-1.702216,0.295108,1.143514,-2.676988
-0.374445,0.942683,-2.470864,-0.101236,0.912792,-2.05236,-0.315581,0.771736,-1.669493,0.289808,0.99325,-2.5625
-0.352968,0.790886,-2.338056,-0.118679,0.974413,-2.047132,-0.33383,0.810401,-1.659832,0.287154,0.891648,-2.378089
-0.322276,0.655716,-2.184145,-0.14337,1.053881,-2.003428,-0.385318,0.889321,-1.677286,0.284249,0.82288,-2.155499
-0.290241,0.64434,-2.009796,-0.153506,1.13159,-1.954396,-0.417962,0.982827,-1.707438,0.276241,0.819595,-1.955319
-0.21443,0.770759,-1.81417,-0.148374,1.173117,-2.01055,-0.355367,1.089647,-1.861296,0.291701,0.850514,-1.963117
-0.198017,0.877639,-1.796454,-0.06844,1.294869,-2.18365,-0.292625,1.185555,-1.98565,0.264375,0.856215,-1.934522
-0.222639,0.954008,-1.795284,0.00731,1.409617,-2.41815,-0.269966,1.274705,-2.130881,0.238711,0.947097,-1.948379
-0.210546,1.004428,-1.775393,0.072887,1.422864,-2.579704,-0.231768,1.249941,-2.278531,0.208168,1.056832,-1.954326
-0.149335,1.03937,-1.756778,0.092618,1.246203,-2.612134,-0.185169,1.090087,-2.34089,0.21877,1.105002,-1.913142
-0.104131,1.071108,-1.728831,0.126167,0.920288,-2.553057,-0.195225,0.905185,-2.29544,0.239352,1.07869,-1.85052
-0.105376,1.110184,-1.658477,0.107897,0.66741,-2.427949,-0.24809,0.764264,-2.194809,0.249246,1.045644,-1.839162
-0.130918,1.130266,-1.590616,-0.005493,0.548315,-2.223515,-0.26796,0.646908,-2.115473,0.24611,1.050559,-1.824884
-0.163511,1.169998,-1.589382,-0.05092,0.518819,-2.064848,-0.267532,0.558515,-1.994329,0.197597,1.084343,-1.814696
-0.206392,1.190106,-1.66959,-0.087822,0.575906,-2.154086,-0.249973,0.536573,-1.858925,0.061707,1.116114,-1.800896
-0.209775,1.226017,-1.859983,-0.103681,0.655375,-2.18345,-0.169047,0.567111,-1.713589,0.109997,1.248831,-1.942821
-0.170294,1.283489,-2.067799,-0.138251,0.747372,-2.146809,-0.206202,0.653427,-1.739458,0.285335,1.400778,-2.201983
-0.230259,1.361824,-2.30382,-0.166686,0.848904,-2.085262,-0.299166,0.718868,-1.778606,0.304997,1.492528,-2.491821
-0.380777,1.261808,-2.54898,-0.123824,0.930551,-2.058028,-0.312544,0.75907,-1.782006,0.338322,1.458436,-2.689731
-0.411705,1.033202,-2.666414,-0.069631,0.988952,-2.066238,-0.262228,0.788089,-1.761929,0.320134,1.294019,-2.666593
-0.407456,0.887274,-2.613295,-0.079909,1.045309,-2.077936,-0.249944,0.865411,-1.773516,0.293427,1.117989,-2.53156
-0.36819,0.824334,-2.462179,-0.139454,1.115894,-2.059612,-0.289807,0.98647,-1.828417,0.275906,0.964075,-2.394518
-0.326484,0.834699,-2.281017,-0.174066,1.186915,-2.023514,-0.328978,1.094932,-1.862894,0.277484,0.824793,-2.235588
-0.292754,0.861893,-2.115008,-0.147272,1.266255,-1.990899,-0.317982,1.183466,-1.874214,0.295333,0.750841,-2.0472
-0.301717,0.856423,-2.002102,-0.106265,1.395651,-2.043759,-0.216412,1.294426,-1.916278,0.268587,0.75053,-1.831489
-0.278636,0.875169,-1.905426,-0.137361,1.51429,-2.202822,-0.080232,1.430594,-2.020828,0.309979,0.832853,-1.846091
-0.285879,0.969477,-1.964732,-0.095255,1.637326,-2.273494,-0.034066,1.547646,-2.181446,0.333066,0.904467,-1.886564
-0.269014,1.063675,-1.953942,0.001941,1.650842,-2.368839,-0.126589,1.570841,-2.379523,0.369204,1.015031,-1.928937
-0.253012,1.135262,-1.897113,0.031595,1.476317,-2.56929,-0.190805,1.424125,-2.543299,0.386359,1.111622,-1.924151
-0.268945,1.185371,-1.842017,0.08411,1.19163,-2.654173,-0.20079,1.197713,-2.609862,0.355057,1.154877,-1.859249
-0.275419,1.222375,-1.801758,0.207835,0.8667,-2.559483,-0.220202,1.014382,-2.541671,0.328263,1.098995,-1.804634
-0.270949,1.258129,-1.766323,0.297408,0.62276,-2.381984,-0.24441,0.897145,-2.393282,0.315591,1.051725,-1.784228
-0.299727,1.291691,-1.709216,0.255427,0.52978,-2.186212,-0.265926,0.826384,-2.218189,0.284705,1.068253,-1.758425
-0.36596,1.323686,-1.655446,0.167514,0.589026,-2.032479,-0.283964,0.743503,-2.01754,0.170673,1.123656,-1.768122
-0.349617,1.401654,-1.730647,0.14983,0.66841,-2.013671,-0.264272,0.689889,-1.87005,0.023066,1.214198,-1.832944
-0.176754,1.498039,-1.887808,0.223899,0.749988,-2.112303,-0.2151,0.704691,-1.844542,0.02008,1.363668,-1.99308
