[0.0, 0.0, 0.0, 1.0, 0.0, 0.0, 0.0, 0.0, 0.0, 0.0, 0.0, 0.0, 0.0, 0.0, 0.0, 0.0, 0.0, 0.0, 0.0, 0.0, 0.0, 0.0, 0.0, 0.9, -1.8, 0.0, 0.9, -1.8, 0.0, 0.9, -1.8, 0.0, 0.9, -1.8]
[0.00237, 0.00361, -0.000879, 0.99999, -0.099982, -0.004502, 0.213798, 0.094406, 0.01394, -0.03353, -0.057783, -0.901645, 0.915157, -0.054824, -2.325962, 1.081555, -0.102902, -0.930533, 0.978885, -0.107086, 1.099502, 1.072211, -0.003622, 0.901436, -1.834879, -0.003586, 0.879531, -1.830315, -0.00603, 0.891895, -1.81687, -0.006075, 0.922543, -1.815166]
[0.001021, 0.004343, -0.001446, 0.999989, -0.120967, 0.032734, 0.199643, -0.219038, 0.251431, -0.116985, 0.19359, -1.308647, 1.052667, 0.211362, -4.316699, 1.49824, 0.040167, -1.658681, 1.74063, 0.020047, 1.554382, 1.741666, -0.00072, 0.86772, -1.800252, -0.000462, 0.769506, -1.787323, -0.004617, 0.855991, -1.777714, -0.004908, 0.962041, -1.774311]
[-0.006694, 0.013523, -0.004907, 0.999874, -0.153156, 0.13612, 0.351972, -0.642731, 0.706397, -0.258244, 0.363198, -2.344294, 1.857872, 0.394279, -1.686523, 1.239621, 0.055528, -3.303832, 3.832874, -0.027756, -0.032674, 3.403964, 0.010248, 0.807166, -1.757058, 0.011482, 0.672125, -1.74484, -0.002473, 0.770551, -1.684504, -0.004507, 0.988124, -1.688147]
[-0.014711, 0.02138, -0.006933, 0.999639, -0.121064, 0.205106, 0.365388, -0.328648, 0.2744, 0.027851, -0.756758, -2.213428, 3.008183, -0.421876, 0.967166, 1.198066, 0.491146, -0.554999, 2.913053, -0.28457, -1.781846, 2.513347, 0.004862, 0.729345, -1.67252, 0.00987, 0.664246, -1.702234, 0.007509, 0.702321, -1.569003, -0.011153, 0.963141, -1.581227]
[-0.016873, 0.023519, -0.004651, 0.99957, -0.03419, 0.18944, 0.187126, 0.077324, 0.081686, 0.186582, -0.5949, 1.614734, 1.425444, -0.864617, 1.68805, 0.598513, 0.852558, 2.553602, 1.2244, -0.516057, -1.0703, 1.255542, -0.02013, 0.712265, -1.593765, -0.012191, 0.714092, -1.671219, 0.031041, 0.74596, -1.504846, -0.023346, 0.912305, -1.522506]
[-0.013763, 0.026885, -0.003629, 0.999537, -0.026512, 0.170641, -0.000846, 0.13013, 0.320811, -0.087649, -0.655209, 0.514988, 0.060882, -0.338624, 1.768432, -0.405346, -0.122802, 1.552201, -1.001039, -0.73472, -0.528308, 0.243183, -0.040814, 0.756127, -1.571635, -0.035053, 0.771235, -1.668018, 0.05179, 0.822473, -1.499553, -0.046065, 0.885884, -1.497332]
[-0.017353, 0.033953, -0.006186, 0.999254, -0.022858, 0.157793, -0.08461, -0.518171, 0.504954, -0.130014, 0.040413, -0.281472, -0.634571, 0.009728, 0.234723, -1.497299, -1.513134, -1.037872, -1.522449, -0.090916, -0.341396, -0.32641, -0.049292, 0.755744, -1.584687, -0.04065, 0.804246, -1.70221, 0.019533, 0.826293, -1.542004, -0.060042, 0.872758, -1.500993]
[-0.026103, 0.044098, -0.004902, 0.998674, -0.008331, 0.146076, -0.114313, -0.426812, 0.710249, 0.292488, -0.307275, 0.418931, -0.893395, -0.371887, 0.122092, -1.954616, -0.940014, -2.275787, -0.330915, 0.152092, -0.801361, -0.052702, -0.051395, 0.757838, -1.609474, -0.044244, 0.810828, -1.759969, -0.024544, 0.766454, -1.569385, -0.057212, 0.85448, -1.507959]
[-0.032627, 0.057031, 0.001954, 0.997837, -0.023445, 0.127648, -0.133719, -0.343862, 0.791766, 0.42052, -0.47497, -1.304504, -1.233901, -0.558019, -0.0223, -2.09568, 0.45918, -3.182776, 1.572583, 0.197016, -0.988449, 0.006238, -0.064055, 0.754003, -1.643814, -0.05981, 0.812169, -1.828631, -0.029602, 0.673448, -1.542388, -0.048783, 0.823166, -1.507609]
[-0.036167, 0.068557, 0.005578, 0.996976, 0.025698, 0.056884, -0.150883, 0.117741, 0.48645, 0.070164, -0.342027, -9.585389, -2.012206, -0.503453, 1.410326, -1.49244, 2.186042, -3.724193, 2.734851, -0.313926, -0.175918, -0.396646, -0.081239, 0.53828, -1.689155, -0.074576, 0.834236, -1.891058, 0.014796, 0.557043, -1.467645, -0.048139, 0.800614, -1.513699]
[-0.035344, 0.074123, 0.00333, 0.996617, 0.169094, -0.046806, 0.011841, -0.648859, 0.622612, -0.362162, 2.074948, -10.225624, -1.095201, 1.082083, 0.961927, -0.570034, 0.619863, -0.769591, 1.142444, 0.624091, 1.509526, 2.014435, -0.050603, 0.207297, -1.739792, -0.075753, 0.877237, -1.919606, 0.055799, 0.504045, -1.434174, -0.053637, 0.817103, -1.510936]
[-0.04785, 0.080184, -0.002951, 0.995627, 0.244415, -0.069727, 0.074309, -0.648034, -0.025485, -0.421506, 0.950013, -8.943786, 2.540035, 1.285382, 0.823554, 0.659795, 0.687789, 0.298031, 0.671773, 0.570389, 5.026676, 4.720171, -0.008648, -0.118197, -1.700152, -0.031989, 0.90363, -1.917768, 0.080239, 0.490094, -1.394997, -0.028386, 0.946312, -1.347705]
[-0.057265, 0.073873, -0.006126, 0.995603, 0.26482, -0.028477, 0.234502, -0.386365, -0.511098, -0.186696, 1.702781, 3.095485, 5.669067, 0.731544, 0.339735, 2.18142, 0.427293, 0.015236, 1.124723, 0.083985, 1.239182, 0.277822, 0.027353, -0.196566, -1.564656, 0.00159, 0.925419, -1.868602, 0.100529, 0.51087, -1.372354, -0.015509, 1.049777, -1.278941]
[-0.04842, 0.062689, -0.007965, 0.996826, 0.242338, -0.008776, 0.244307, 1.437353, -0.925048, 0.02728, 1.149877, 4.672454, 3.800794, -1.330502, -0.109464, 3.240072, -1.21775, -2.459169, 0.50054, 0.810127, 2.090588, -2.450428, 0.078372, -0.044383, -1.407786, -0.009198, 0.927695, -1.778187, 0.085088, 0.45684, -1.34142, -0.014019, 1.097326, -1.327809]
[-0.012317, 0.043499, -0.006489, 0.998956, 0.247871, -0.000597, 0.177321, 2.146889, -1.220636, 0.200382, -0.330319, 2.733179, -0.403992, -2.200972, 1.100663, 3.986167, -2.048709, 1.781775, -1.341553, 0.861949, 1.412847, -4.623318, 0.088026, 0.087076, -1.367514, -0.080369, 0.929233, -1.656968, 0.028958, 0.43781, -1.362594, 0.016413, 1.163832, -1.448862]
[-0.002413, 0.033205, -0.00461, 0.999435, 0.244589, 0.005647, -0.028924, -0.868989, -0.082696, 0.118991, 0.354198, 3.523332, -2.064187, -1.538708, 7.97646, 0.349825, 0.997984, 1.00257, -0.236537, -0.708994, -2.432586, -4.920542, 0.093689, 0.193307, -1.410328, -0.166345, 1.100532, -1.570846, 0.011228, 0.49221, -1.384918, 0.023071, 1.142033, -1.605982]
[-0.021853, 0.03425, 0.000547, 0.999174, 0.205181, 0.051468, -0.244293, -1.008135, -0.048509, 0.417683, -0.200603, 3.019409, -2.342578, 1.881037, 1.849573, -5.436602, 0.241867, 1.463299, -1.22887, -0.190103, -5.081179, -1.242471, 0.094839, 0.299872, -1.484921, -0.138111, 1.276022, -1.665298, 0.047065, 0.528523, -1.408361, 7.3e-05, 1.004847, -1.695833]
[-0.033507, 0.026922, 0.010204, 0.999024, 0.212084, 0.129015, -0.352949, -0.880239, -0.87068, 0.651331, -0.213612, 3.608105, -1.855712, 1.156417, -8.379694, -6.801153, -1.648495, 2.76859, -1.794282, 1.455418, -5.220759, 3.791861, 0.087546, 0.405326, -1.557316, -0.086161, 1.155553, -1.867339, 0.008996, 0.597591, -1.45818, 0.025418, 0.828079, -1.638157]
[-0.039309, 0.026654, 0.024983, 0.998559, 0.284956, 0.114211, -0.123009, 0.259152, 1.027042, 1.170808, -1.524491, 3.675056, -3.112481, 1.188085, -10.831445, -2.666154, -1.052632, 2.530925, 0.982472, 0.098399, -1.089356, 0.924718, 0.059357, 0.526777, -1.639671, -0.061319, 0.806686, -2.015456, -0.035667, 0.669403, -1.480096, 0.043586, 0.799745, -1.631491]
[-0.036499, 0.041029, 0.036319, 0.99783, 0.419577, 0.085678, 0.04724, 0.223522, 0.338499, 0.07073, 0.041442, 4.005346, -1.182843, 2.522415, -9.622514, 3.610103, -1.449752, 0.975373, 2.845744, -0.463403, 0.565468, 0.845951, 0.031829, 0.651735, -1.711494, 0.017101, 0.469499, -1.980192, -0.080281, 0.745173, -1.393886, 0.043652, 0.779092, -1.592023]
[-0.030883, 0.047456, 0.027969, 0.998004, 0.494347, 0.054351, 0.258875, 0.530057, 0.878023, -0.745738, 0.324797, 1.334518, 0.014536, 1.657087, -10.006668, 7.165866, 1.471177, -1.496418, 1.102614, -1.086561, -0.766126, 3.210192, 0.044442, 0.741579, -1.722748, 0.087188, 0.145408, -1.790195, -0.084401, 0.728958, -1.339036, 0.015761, 0.792562, -1.536555]
[-0.016362, 0.074736, 0.017001, 0.996924, 0.547326, -0.013585, 0.311641, 0.91085, 2.05399, -0.400586, 1.562726, 1.189939, -1.331586, -0.931344, -4.632723, 4.757712, 2.477137, 1.588745, -0.601264, -0.93461, -4.361606, 6.453481, 0.066177, 0.780976, -1.748461, 0.086, -0.1473, -1.597354, -0.003129, 0.718974, -1.341554, -0.025845, 0.698182, -1.358957]
[-0.007985, 0.096664, 0.011417, 0.99522, 0.573215, -0.013544, -0.051699, 0.60955, 0.939928, -0.150418, 0.394329, 3.953131, -1.180987, -3.080511, 6.789237, 0.842641, 0.935319, 5.598526, -0.95594, 4.094569, -9.052248, -1.806221, 0.118393, 0.87206, -1.778269, 0.016611, -0.069515, -1.519916, 0.038547, 0.853643, -1.370825, 0.052292, 0.455491, -1.311423]
[0.005288, 0.105176, 0.006115, 0.994421, 0.616831, 0.024252, -0.171947, 1.146765, -0.466339, -0.358934, -0.97108, 2.729565, -0.032024, -0.617264, 4.241415, -2.685425, 2.054165, 4.932076, -1.614306, 0.427529, -0.482164, -1.364677, 0.096411, 0.967597, -1.798874, -0.03424, 0.098218, -1.598126, 0.090921, 1.033504, -1.413834, 0.139073, 0.282692, -1.383802]
[0.013936, 0.082328, -0.002685, 0.996504, 0.572839, 0.132944, 0.02651, -0.628223, -2.066406, -0.611963, 0.330166, 1.562817, 3.744294, -3.109823, 4.029795, -1.432136, 0.670115, -0.530913, -4.609169, -1.596619, 3.63985, 1.909854, 0.075338, 1.044916, -1.735553, -0.093921, 0.248981, -1.653841, 0.144058, 1.106239, -1.518799, 0.103965, 0.349265, -1.364022]
[-0.007844, 0.046764, -0.01109, 0.998814, 0.457568, 0.165835, 0.223728, -0.294653, -1.241501, -0.084342, -0.421609, -0.076222, 4.224715, -3.146318, 1.563323, -1.39208, -2.797427, -1.540022, -6.053292, -0.3062, 3.198188, -1.307736, 0.099451, 1.069803, -1.582646, -0.197983, 0.334287, -1.700211, 0.098268, 1.065135, -1.699299, 0.085469, 0.490171, -1.376574]
[-0.007895, 0.04593, -0.00718, 0.998888, 0.437741, 0.073065, 0.031062, -0.264557, 0.492882, 0.356803, -2.124616, 0.513771, -3.564228, 3.261059, 4.527138, 0.923743, -2.436945, -2.731284, -2.597335, 1.167589, -0.134103, 1.708576, 0.051373, 1.059383, -1.558616, -0.175407, 0.433218, -1.704564, 0.011871, 0.99629, -1.830991, 0.080763, 0.5159, -1.344318]
[-0.020577, 0.052843, -0.004051, 0.998383, 0.425244, 0.062536, -0.134929, -0.877092, -0.071597, -0.16866, -0.308933, -6.562606, -6.917266, 0.727426, 3.798064, -1.892212, 0.34798, -9.328642, 3.186769, 0.547686, 5.917459, -2.335223, -0.000951, 0.973179, -1.737968, -0.110382, 0.592417, -1.723526, -0.028331, 0.77621, -1.797853, 0.134183, 0.615459, -1.369654]
[-0.026893, 0.037128, -0.009971, 0.998899, 0.444161, 0.011524, -0.222015, 0.576551, -1.506362, -0.452646, 0.239491, -10.176306, -1.593844, -0.352323, 5.826296, 0.137868, 2.453262, -9.491489, 7.190614, -0.826296, 5.024965, -3.408821, 0.009875, 0.663914, -1.863653, -0.094003, 0.756934, -1.749423, 0.023572, 0.462552, -1.613744, 0.111654, 0.795046, -1.431892]
[-0.000853, 0.021264, -0.010717, 0.999716, 0.442663, -0.122701, -0.14103, 1.004336, 0.478605, 0.212031, 1.6831, -11.040813, 5.459347, 1.0735, 2.121749, -0.311942, -0.507536, 1.588321, -2.210939, -0.496993, 0.414875, 0.822367, 0.012706, 0.320169, -1.778668, -0.127334, 0.898018, -1.735118, 0.104343, 0.323499, -1.476545, 0.065594, 0.906886, -1.486014]
[-0.002324, 0.04637, -0.009088, 0.99888, 0.465068, -0.101796, 0.002136, -0.360906, 1.508241, -0.027815, 0.190253, -8.959596, 7.2827, 0.644509, 0.892911, -1.310857, 0.608749, -0.366946, 1.07874, -0.808779, 0.930138, 2.758603, 0.060052, -0.020824, -1.553391, -0.09884, 0.933431, -1.785434, 0.119774, 0.318171, -1.461933, 0.067041, 0.877834, -1.397358]
[-0.007754, 0.063494, -0.009386, 0.997908, 0.493644, -0.082249, 0.291746, -0.144247, 0.772771, -0.154805, -0.406908, 2.608986, 4.02661, 0.583352, 0.077253, 1.558909, 0.185362, -0.174755, 2.327798, -1.400166, 2.128106, 2.240096, 0.044002, -0.104403, -1.386063, -0.076935, 0.955093, -1.782147, 0.136268, 0.319179, -1.416064, 0.029732, 0.941895, -1.314989]
[0.00012, 0.070869, -0.014723, 0.997377, 0.467833, -0.052662, 0.503391, 1.123738, -0.074095, -0.3108, -0.603484, 2.425653, 0.145954, -0.654092, -1.063498, 4.528293, -1.264604, 0.07281, 2.89972, -0.453118, 2.453731, -0.428293, 0.040698, -0.030899, -1.358145, -0.076937, 0.934421, -1.680836, 0.117444, 0.307342, -1.317046, -0.006791, 1.020232, -1.293674]
[0.018353, 0.060525, -0.022882, 0.997736, 0.491174, -0.053167, 0.322673, 0.782765, -0.815835, -0.466801, 1.717095, 2.628488, 0.032527, -3.258635, 2.341969, 3.917682, -0.23019, 1.843982, 0.512071, -0.247336, 4.899898, -4.446813, 0.057538, 0.064382, -1.351613, -0.132664, 0.939767, -1.512286, 0.077885, 0.341643, -1.257177, -0.013907, 1.147635, -1.390288]
[0.027488, 0.052187, -0.030467, 0.997794, 0.474427, -0.049461, -0.056035, 0.611855, -0.341097, -0.370747, -0.32858, 2.439109, -1.646132, 0.513054, 5.63714, -2.054836, -0.405011, 1.155376, -2.29384, -0.381844, 1.619484, -4.860298, 0.079301, 0.147761, -1.377724, -0.184249, 1.075134, -1.507332, 0.089218, 0.39568, -1.293491, -0.029724, 1.258196, -1.541225]
[0.042069, 0.044289, -0.033418, 0.997573, 0.467295, -0.028218, -0.299905, 1.046926, -0.71848, 0.158666, -1.17247, 3.94879, -3.197469, 1.188542, 3.620386, -4.532697, -1.768984, 2.117789, -1.43554, 1.191444, -6.36, -2.043725, 0.053973, 0.251465, -1.465447, -0.143232, 1.237376, -1.621064, 0.040006, 0.441745, -1.35674, -0.008528, 1.169258, -1.63996]
[0.043102, 0.035286, -0.03185, 0.997939, 0.467942, 0.014218, -0.299903, -0.85713, -0.356883, -0.009523, 0.723573, 4.731103, -3.253713, 1.090865, -3.268691, -5.007248, 0.836087, 3.18158, -2.794673, 0.474311, -7.772878, 1.670582, 0.046514, 0.393605, -1.573498, -0.09282, 1.236573, -1.77707, 0.038111, 0.557159, -1.466854, 0.015616, 0.91372, -1.636677]
[0.023916, 0.030595, -0.035114, 0.998629, 0.549523, 0.093698, -0.330235, -1.291747, -0.324633, -0.462451, 1.352204, 4.211412, -2.58205, 0.942574, -10.107004, -3.352376, 0.747546, 3.062974, -2.270916, -0.810648, -3.245386, 4.933358, 0.081912, 0.543076, -1.667779, -0.061902, 0.98797, -1.903896, 0.067192, 0.657722, -1.547039, 0.008601, 0.729766, -1.52234]
[0.020748, 0.040116, -0.042533, 0.998074, 0.675867, 0.091366, -0.078833, 0.767065, 1.642655, -0.271235, -0.935523, 1.93603, -3.177957, 1.170862, -10.551975, 1.257652, -1.748727, 2.576762, 2.103941, -1.384469, -0.434589, 1.856706, 0.087229, 0.639136, -1.763772, -0.0391, 0.634527, -1.926171, 0.047586, 0.731703, -1.56594, -0.024806, 0.735039, -1.481026]
[0.024275, 0.066459, -0.043513, 0.996544, 0.761384, 0.015907, 0.110606, -0.619899, 1.494744, 0.184372, 0.135014, 1.789732, -0.95838, 1.711602, -10.031917, 5.859638, -1.216682, 2.169729, 3.367721, 0.511228, -1.214269, 3.515773, 0.072578, 0.700921, -1.832812, 0.025766, 0.298156, -1.793773, -0.010762, 0.836796, -1.428919, -0.042538, 0.706418, -1.388183]
[0.003861, 0.093686, -0.02913, 0.995168, 0.768456, 0.007377, 0.093463, -2.02026, 1.654486, 1.316342, 0.658709, 2.957357, 0.20708, -0.865699, -10.088173, 5.505606, 1.478158, -0.7505, 0.072026, 3.496213, -4.919202, 3.544517, 0.08763, 0.771765, -1.839832, 0.034733, -0.034313, -1.606534, 0.004391, 0.845468, -1.386676, 0.015083, 0.628105, -1.246931]
[-0.022487, 0.111793, -0.002043, 0.993475, 0.846435, 0.018475, -0.215072, -1.503807, 0.524076, 1.427157, -1.959433, 3.662879, 0.322671, -0.880193, 6.023616, 0.4727, 1.773063, 2.336936, -0.371525, 3.306884, -7.126011, -1.633909, 0.058735, 0.887905, -1.813169, -0.00605, -0.12217, -1.538967, 0.042701, 0.872219, -1.399193, 0.143658, 0.404616, -1.246287]
[-0.035888, 0.103655, 0.018805, 0.993788, 0.866189, 0.003579, -0.264137, -0.554198, -1.657988, 0.793169, 0.133004, 3.86921, 1.814625, -0.647829, 5.709824, -3.473603, 2.538228, 3.746483, -0.103455, -0.72666, 0.759275, -1.526037, 0.030283, 0.971066, -1.774394, -0.041987, 0.048319, -1.674174, 0.114077, 0.983346, -1.406662, 0.18386, 0.295684, -1.312613]
[-0.030197, 0.072904, 0.031575, 0.996382, 0.721515, 0.071371, 0.037835, 0.928368, -1.653244, 0.790231, -1.318511, 2.173159, 3.681191, -2.655297, 5.605422, -1.17446, 0.477462, 0.816198, -3.221498, -0.708564, 4.282477, -2.078257, 0.010168, 1.082289, -1.678172, -0.088239, 0.239115, -1.743328, 0.164724, 1.05848, -1.465759, 0.163283, 0.432017, -1.410055]
[-0.019456, 0.055617, 0.042622, 0.997352, 0.591213, 0.059814, 0.246456, 0.118212, -0.349145, 0.577028, -0.260935, -0.093705, 3.86402, -1.652158, 3.216018, -0.097176, -2.531747, 0.708441, -6.131414, -0.004127, 1.194493, 1.35184, -0.017704, 1.112214, -1.544913, -0.16591, 0.384329, -1.75512, 0.132813, 1.079513, -1.629186, 0.149437, 0.52461, -1.419899]
[-0.024826, 0.060672, 0.048962, 0.996647, 0.504465, 0.015319, 0.171674, -0.266065, 0.579566, 0.197065, 3.516476, -0.319644, -2.53211, 0.256948, 1.368125, -0.438281, -3.065897, -3.070904, -3.628457, -1.359723, -0.816117, 0.747748, 0.048125, 1.104093, -1.525243, -0.17141, 0.446438, -1.763904, 0.025885, 1.04051, -1.779869, 0.148362, 0.524574, -1.363917]
[-0.032775, 0.063517, 0.047196, 0.996325, 0.518867, -0.019428, 0.018319, -0.608149, -0.570204, -0.479199, -0.740836, -5.827282, -6.329381, 1.546482, 3.186249, -0.130301, 0.592044, -9.231015, 2.573321, -1.073671, 5.057484, -1.799491, 0.10541, 1.001216, -1.678111, -0.142143, 0.510477, -1.777304, -0.011864, 0.810866, -1.774269, 0.088061, 0.580313, -1.399357]
[-0.036004, 0.040882, 0.036604, 0.997844, 0.548656, -0.089449, -0.076082, 0.559749, -1.624243, -0.836628, -2.077721, -10.306608, -3.293257, 0.948882, 6.51241, 0.908452, 2.228427, -9.733876, 6.781357, -0.616461, 5.028962, -2.456299, 0.036379, 0.711562, -1.82614, -0.091936, 0.679417, -1.764461, 0.03778, 0.495268, -1.605153, 0.081927, 0.750163, -1.474695]
[-0.014366, 0.023169, 0.027574, 0.999248, 0.557225, -0.182921, -0.106436, 1.534151, -0.015043, -0.278944, 0.614487, -10.794055, 3.542444, 1.703465, 3.561844, -0.110736, -0.898869, 1.398308, -2.289879, -1.064417, 1.653694, 0.536947, 0.006272, 0.36514, -1.80323, -0.066115, 0.86791, -1.727039, 0.11568, 0.319942, -1.444855, 0.046721, 0.876471, -1.514876]
[-0.012311, 0.046514, 0.020577, 0.99863, 0.544605, -0.107382, -0.076497, -0.603568, 1.855242, -0.414095, 1.087117, -9.302461, 6.815375, -0.455628, 1.823226, -2.645254, 0.879058, -0.650159, 1.154466, -0.990127, 2.530293, 1.82257, 0.059512, 0.016352, -1.614892, -0.041151, 0.931569, -1.753475, 0.12499, 0.321754, -1.438812, 0.024494, 0.896593, -1.445165]
[-0.015588, 0.072334, 0.017683, 0.997102, 0.596056, -0.045961, 0.109638, 0.345196, 1.313917, -0.074695, -0.6464, 1.634265, 4.854044, -0.033034, 0.746996, 0.161219, -0.243035, -0.013928, 1.439278, -1.110566, 2.10966, 2.225813, 0.042774, -0.090214, -1.435899, -0.027336, 0.972397, -1.790885, 0.136919, 0.317178, -1.405332, -0.014174, 0.985315, -1.373401]
[-0.00645, 0.085139, 0.012744, 0.996267, 0.498628, 0.000658, 0.514774, 0.768945, 0.06284, -0.384847, -0.162777, 1.282789, 0.95028, -0.419548, -0.990843, 4.320012, -1.005821, -0.228112, 3.383758, 0.191996, 1.297692, 0.459733, 0.040354, -0.036967, -1.424787, -0.035029, 0.967668, -1.718235, 0.115256, 0.309365, -1.321212, -0.026973, 1.041367, -1.334073]
[0.007701, 0.074551, 0.003019, 0.997183, 0.52517, 0.002718, 0.405105, 0.676723, -1.068599, -0.584509, 2.396804, 2.302428, 0.894079, -3.760875, 1.170763, 4.982425, -0.246647, 1.785902, 1.020817, 0.294083, 4.440891, -3.567725, 0.06447, 0.022497, -1.376294, -0.087974, 0.953408, -1.546727, 0.079927, 0.33534, -1.240728, -0.020528, 1.141672, -1.402157]
[0.016093, 0.061625, -0.006308, 0.99795, 0.518286, 0.006242, 0.003659, 0.621203, -0.564269, -0.487721, -0.597386, 3.605481, -1.035923, -0.34589, 4.988301, -1.279596, -0.236397, 1.400913, -2.384196, -0.324767, 2.062837, -4.635048, 0.102052, 0.11486, -1.389383, -0.178782, 1.063764, -1.509605, 0.097135, 0.388232, -1.273072, -0.022494, 1.254006, -1.538167]
[0.029215, 0.053965, -0.01291, 0.998032, 0.501456, 0.020338, -0.273074, 1.031141, -0.584144, -0.131421, -0.964336, 4.281634, -3.485343, 1.180115, 3.872558, -3.841933, -2.060886, 1.604248, -1.542002, 1.064156, -5.835408, -2.160528, 0.075089, 0.244276, -1.479333, -0.142672, 1.218653, -1.600998, 0.048355, 0.432379, -1.33779, -0.00333, 1.182575, -1.636214]
[0.033717, 0.043724, -0.014525, 0.998369, 0.49653, 0.052109, -0.335301, -0.723194, -0.347273, -0.178738, 0.747884, 4.560117, -3.418938, 1.260126, -2.040083, -4.958855, 0.542549, 3.305917, -3.02912, 0.606822, -7.916833, 1.463234, 0.065061, 0.392152, -1.592515, -0.093919, 1.246468, -1.745756, 0.027569, 0.535622, -1.432051, 0.029812, 0.937981, -1.637626]
[0.014336, 0.039062, -0.019939, 0.998935, 0.566105, 0.138925, -0.34668, -1.428792, -0.377664, -0.54024, 1.415003, 3.95511, -2.437552, 0.715634, -9.851904, -4.026917, 0.730744, 3.152401, -2.309089, -0.792323, -3.300711, 4.745264, 0.104037, 0.532451, -1.688685, -0.065667, 1.034602, -1.883975, 0.051406, 0.637099, -1.51459, 0.023925, 0.750234, -1.530042]
[0.006338, 0.045293, -0.028091, 0.998559, 0.696168, 0.159437, -0.077277, 0.661467, 1.427355, -0.298983, -0.971767, 2.092328, -2.870657, 0.984713, -10.673878, 0.174625, -1.665391, 2.238475, 1.959841, -1.483919, 0.026292, 1.550215, 0.115004, 0.62937, -1.77471, -0.049889, 0.681203, -1.937275, 0.036793, 0.713155, -1.53763, -0.008544, 0.7627, -1.49186]
[0.011422, 0.06785, -0.031213, 0.997142, 0.800433, 0.098785, 0.134553, -0.245763, 1.232738, -0.013936, -0.325118, 1.9459, -0.624057, 2.238527, -9.982645, 5.349104, -1.224875, 1.765633, 3.259474, -0.182688, -0.772523, 3.438706, 0.091859, 0.696041, -1.832907, 0.02315, 0.343072, -1.829599, -0.01891, 0.80451, -1.40873, -0.039013, 0.74773, -1.404283]
[-0.001144, 0.09221, -0.022975, 0.995474, 0.820937, 0.071406, 0.156906, -1.509548, 1.699811, 0.905696, 0.271771, 2.850112, 0.403162, -0.235967, -10.222123, 5.879072, 1.620444, -1.008303, 0.100682, 2.037255, -4.03761, 4.152933, 0.089974, 0.770967, -1.830847, 0.051802, 0.009504, -1.64183, -0.00386, 0.801894, -1.367559, -0.01272, 0.681491, -1.253694]
[-0.023642, 0.113796, -0.001566, 0.993222, 0.872182, 0.078414, -0.163989, -1.275532, 0.734316, 1.153686, -1.459113, 3.263529, -0.501263, -1.418757, 3.987257, 1.069385, 1.261234, 2.64198, -0.382802, 3.825763, -8.070376, -1.870028, 0.078497, 0.880615, -1.816604, 0.007595, -0.143718, -1.552097, 0.035109, 0.829173, -1.380656, 0.102826, 0.447442, -1.243847]
[-0.034886, 0.112241, 0.015989, 0.99294, 0.90399, 0.052841, -0.274369, -0.091414, -1.273179, 0.693271, -0.546952, 2.94527, 0.669102, -1.270518, 5.60242, -4.078144, 2.438854, 4.455802, 0.017743, -0.022108, -0.603649, -2.019537, 0.041466, 0.942672, -1.794428, -0.038684, 0.028185, -1.670573, 0.101111, 0.953494, -1.387106, 0.17166, 0.296131, -1.323818]
[-0.032545, 0.078975, 0.023895, 0.996059, 0.75471, 0.117826, -0.046552, 0.627615, -2.084693, 0.471127, -1.139514, 2.739805, 3.663549, -1.855871, 5.464406, -0.864409, 1.022782, 0.639898, -2.806863, -0.667386, 5.825964, -3.971072, 0.024871, 1.062857, -1.706103, -0.066835, 0.23065, -1.748179, 0.169643, 1.048147, -1.433968, 0.142188, 0.402607, -1.406096]
[-0.020018, 0.057255, 0.034565, 0.99756, 0.60133, 0.10493, 0.224901, 0.220745, -0.581375, 0.730389, -0.620473, 0.158394, 4.063933, -2.637502, 3.055097, -0.038116, -1.909092, 1.089722, -6.329943, -0.181788, 1.704826, 0.748583, -0.014424, 1.105541, -1.572616, -0.163071, 0.364861, -1.754275, 0.160962, 1.067578, -1.598619, 0.118963, 0.52133, -1.447921]
[-0.024328, 0.060398, 0.045796, 0.996826, 0.52217, 0.029977, 0.162188, -0.119516, 0.550651, 0.631613, 3.431393, 0.270433, -1.73744, -0.440813, 1.366051, -0.540712, -3.869069, -0.935765, -4.830274, 0.310787, -0.858946, 2.35132, 0.042999, 1.107821, -1.529872, -0.19108, 0.428329, -1.764599, 0.053143, 1.070756, -1.77589, 0.133304, 0.529585, -1.386231]
[-0.030529, 0.064422, 0.049883, 0.996208, 0.550012, -0.018523, 0.018866, -0.768576, -0.434708, -0.245507, -0.69678, -3.766251, -6.168191, 1.512944, 3.364988, -0.536234, 0.342032, -9.062227, 1.610734, -0.832892, 4.216566, -1.654862, 0.103248, 1.048558, -1.670489, -0.1784, 0.496147, -1.787538, -0.008571, 0.886174, -1.803934, 0.105004, 0.562996, -1.395388]
[-0.040739, 0.041625, 0.040841, 0.997467, 0.576496, -0.093884, -0.049105, 0.120508, -1.772967, -0.923844, -1.840521, -10.106132, -4.060474, 1.563705, 6.045856, 1.03182, 1.749209, -9.729326, 6.791024, -0.138125, 5.403694, -2.699596, 0.038687, 0.80207, -1.828521, -0.113323, 0.657624, -1.778797, 0.034019, 0.570138, -1.64795, 0.10965, 0.728488, -1.473316]
[-0.021007, 0.020081, 0.028731, 0.999165, 0.599199, -0.18984, -0.104921, 2.228594, -0.55742, -0.384626, -0.008886, -10.30415, 2.420564, 1.151708, 4.839281, 0.846606, 1.181685, 0.087764, -2.285074, -1.774676, 2.646263, 0.089929, 0.014185, 0.457188, -1.837986, -0.077699, 0.860212, -1.731065, 0.110435, 0.336583, -1.447904, 0.076102, 0.871377, -1.520639]
[-0.010068, 0.038275, 0.018586, 0.999044, 0.566046, -0.125658, -0.050178, -0.285114, 1.694135, -0.645721, 1.33976, -10.014226, 7.006529, -1.181752, 1.580026, -0.904578, 0.560041, -0.46439, 1.03395, -1.667683, 2.627281, 2.069254, 0.066033, 0.104833, -1.665589, -0.042208, 0.948574, -1.748176, 0.104268, 0.341105, -1.451445, 0.033995, 0.903035, -1.453841]
[-0.020816, 0.065592, 0.012945, 0.997545, 0.620997, -0.061164, 0.055455, -0.193677, 1.422431, -0.128271, -1.514245, -0.060615, 5.715862, 0.557874, 1.084086, -0.352898, 0.32804, 0.013317, 1.309738, -1.1858, 2.168818, 2.485328, 0.049935, -0.082797, -1.466265, -0.037238, 0.99498, -1.786144, 0.131286, 0.332152, -1.414513, -0.006404, 0.993954, -1.374479]
[-0.015436, 0.083203, 0.009002, 0.996372, 0.522579, -0.024032, 0.492023, 0.66164, 0.40762, -0.283858, -0.064095, 1.235698, 0.243798, -0.261974, -0.973968, 3.78549, -0.786755, -0.512881, 3.567208, 0.332252, 0.104373, 1.064922, 0.040024, -0.035911, -1.418455, -0.03607, 0.99825, -1.735798, 0.120187, 0.321074, -1.333316, -0.025154, 1.027026, -1.318484]
[-5.9e-05, 0.075971, 0.001178, 0.997109, 0.522525, -0.019467, 0.470366, 1.006038, -1.015178, -0.472905, 1.965904, 2.085895, 1.271803, -2.895629, -0.404969, 5.029195, -0.641303, 1.575015, 1.47967, 0.199413, 4.007177, -3.168483, 0.050789, 0.017289, -1.370127, -0.071083, 0.96248, -1.564973, 0.085028, 0.335758, -1.238946, -0.016309, 1.097829, -1.372564]
[0.013382, 0.061161, -0.006888, 0.998014, 0.523971, -0.016413, 0.082633, 0.813699, -0.723831, -0.40511, -0.001405, 3.637515, -0.948683, -1.310576, 4.08997, -0.554036, 0.245213, 1.271322, -2.143084, -0.514606, 3.495584, -4.921403, 0.102187, 0.108589, -1.375971, -0.180636, 1.027161, -1.504988, 0.10002, 0.389918, -1.255779, -0.020997, 1.229176, -1.510579]
[0.028988, 0.052461, -0.012839, 0.99812, 0.506611, -0.002919, -0.223642, 1.194383, -0.574589, -0.119809, -1.078115, 4.152158, -3.218284, 1.574379, 4.806061, -3.339459, -1.979156, 0.757408, -1.908543, 0.804708, -4.500365, -2.730891, 0.076764, 0.240793, -1.455211, -0.150546, 1.183271, -1.578659, 0.064386, 0.416352, -1.324123, -0.010402, 1.206613, -1.622707]
[0.039332, 0.040786, -0.013618, 0.998301, 0.494511, 0.023118, -0.307204, -0.381916, -0.378142, -0.080034, 0.423281, 4.178901, -3.190376, 1.475896, -0.034713, -4.849718, 0.349759, 3.426285, -3.234306, 0.558773, -7.900397, 0.520417, 0.055429, 0.38223, -1.559231, -0.095239, 1.26522, -1.713764, 0.0341, 0.501346, -1.412633, 0.020625, 0.986846, -1.648676]
[0.023801, 0.037198, -0.017356, 0.998874, 0.547312, 0.098433, -0.314996, -1.218145, -0.272917, -0.376764, 1.22467, 3.901844, -2.513871, 0.529017, -8.309382, -4.300522, 0.768926, 3.003504, -2.284791, -0.303765, -4.50893, 3.413606, 0.087933, 0.515219, -1.654087, -0.068079, 1.119992, -1.856845, 0.056573, 0.599284, -1.49459, 0.020462, 0.778352, -1.578578]
[0.007783, 0.0345, -0.025797, 0.999041, 0.659512, 0.175169, -0.200309, 0.370632, 0.77717, -0.472622, -0.565737, 2.636235, -2.981368, 0.004668, -11.071796, -1.054469, -1.3315, 1.748601, -0.246321, -1.323586, 2.013084, -0.946722, 0.117381, 0.630404, -1.731372, -0.048354, 0.787264, -1.935202, 0.062781, 0.697264, -1.560003, -0.00719, 0.736171, -1.500687]
[0.017531, 0.06013, -0.029349, 0.997605, 0.783246, 0.104546, 0.027517, 0.121718, 1.558795, -0.031242, -0.611922, 2.060068, -1.800887, 2.434238, -9.970871, 4.468852, -2.034987, 3.799404, 4.595907, -0.56739, -0.737408, 2.900655, 0.087323, 0.699946, -1.82159, 0.006626, 0.436944, -1.861369, 0.003735, 0.792235, -1.459606, -0.047932, 0.727759, -1.437313]
[0.005785, 0.087547, -0.022967, 0.995879, 0.815503, 0.061639, 0.130977, -1.581204, 1.759101, 0.700623, 0.621732, 1.598312, -0.184188, 0.224514, -10.124076, 6.201456, 1.159824, -0.712967, 0.728442, 1.745741, -2.179714, 4.578733, 0.090231, 0.759363, -1.849729, 0.056258, 0.104006, -1.680011, -0.00659, 0.838908, -1.384952, -0.026297, 0.678644, -1.310081]
[-0.022607, 0.111799, -0.001026, 0.993473, 0.846957, 0.088949, -0.131591, -1.684843, 0.935831, 1.340508, -1.566462, 3.211352, 0.952772, -1.504847, 0.113887, 1.645808, 1.062102, 1.149311, -0.493982, 4.266647, -7.572709, -0.602406, 0.09361, 0.834201, -1.842286, 0.014629, -0.134505, -1.562612, 0.036469, 0.838238, -1.391818, 0.085658, 0.519824, -1.237505]
[-0.040337, 0.113938, 0.020078, 0.992466, 0.880201, 0.049439, -0.265722, -0.497587, -1.117535, 0.882321, -0.240563, 1.937116, 0.926355, -1.261145, 5.173383, -4.237988, 2.162299, 3.978831, 0.134019, 0.769294, -3.019188, -1.808175, 0.045582, 0.924764, -1.813493, -0.027164, -0.001652, -1.664335, 0.090625, 0.92497, -1.399915, 0.175685, 0.327018, -1.296655]
[-0.034807, 0.082324, 0.031557, 0.995498, 0.766813, 0.049949, -0.067022, 1.006025, -1.968072, 0.64847, -1.358398, 3.311942, 2.973955, -1.759388, 5.68775, -1.151156, 1.774874, 1.22893, -1.483103, -0.756267, 5.407331, -3.473277, 0.021824, 1.031797, -1.751663, -0.067927, 0.194593, -1.748385, 0.158179, 1.023471, -1.419504, 0.163839, 0.390698, -1.395574]
[-0.015908, 0.059635, 0.041688, 0.997223, 0.610261, 0.048058, 0.227267, 0.482023, -0.912016, 0.567541, -0.623288, 0.639173, 3.896947, -2.436148, 4.122235, -0.178161, -1.566328, 1.24656, -5.346075, -0.30309, 2.245865, 0.429287, -0.021542, 1.094591, -1.636829, -0.14126, 0.358521, -1.76275, 0.166694, 1.060086, -1.544799, 0.136389, 0.511459, -1.43559]
[-0.02037, 0.057215, 0.048663, 0.996967, 0.498631, -0.00647, 0.201363, -0.184309, 0.491063, 0.349326, 3.341678, 0.839623, 0.231451, 0.125785, 1.299069, -0.149433, -4.084113, -0.78622, -5.332623, 0.183509, -0.914981, 2.326075, 0.025435, 1.104989, -1.552686, -0.1744, 0.438867, -1.763516, 0.067425, 1.065182, -1.718772, 0.151759, 0.537008, -1.383643]
[-0.025749, 0.066368, 0.05008, 0.996205, 0.479531, -0.036093, 0.05833, -0.592699, 0.156979, -0.219067, 0.648423, -3.772897, -5.369853, 1.206975, 1.908515, -0.535932, -0.466805, -8.398192, 0.589317, -1.576973, 2.786398, -1.447884, 0.112818, 1.064136, -1.645249, -0.157221, 0.483449, -1.780889, -0.011698, 0.905936, -1.775943, 0.089442, 0.540495, -1.387587]
[-0.034139, 0.052178, 0.043129, 0.997122, 0.50927, -0.084647, -0.074456, 0.004317, -1.64235, -0.740473, -2.363206, -9.811402, -4.635131, 1.470675, 5.328533, 0.647216, 1.470298, -9.501839, 5.812523, 0.040114, 4.959901, -2.775768, 0.061516, 0.831449, -1.803496, -0.104342, 0.605974, -1.78248, 0.011971, 0.596982, -1.655445, 0.084071, 0.683001, -1.447223]
[-0.017725, 0.026341, 0.033076, 0.998948, 0.552677, -0.19549, -0.096379, 1.78068, -0.980041, -0.284333, -0.304951, -10.38175, 1.37431, 0.213889, 5.700663, 1.603608, 2.996135, -4.316634, 6.107814, -1.226761, 3.190735, -0.605393, 0.015422, 0.48925, -1.842432, -0.084425, 0.80521, -1.741201, 0.091854, 0.343772, -1.458154, 0.059629, 0.836167, -1.516146]
[-0.008027, 0.03793, 0.026573, 0.998895, 0.49963, -0.152471, -0.038743, -0.282059, 1.602167, -0.485162, 1.202141, -10.240406, 6.71209, -0.379885, 2.170043, -0.910844, 0.720706, -0.508818, 0.959174, -1.148275, 1.599937, 2.385797, 0.052119, 0.133374, -1.691766, -0.044224, 0.931346, -1.733118, 0.104991, 0.33214, -1.454128, 0.04122, 0.863578, -1.464012]
[-0.015729, 0.063089, 0.022042, 0.99764, 0.554791, -0.08092, 0.04251, -0.179378, 1.301592, -0.064575, -0.862531, -1.390485, 6.217597, 0.612786, 0.936957, -0.387769, 0.439356, 0.055762, 1.047945, -1.228203, 3.003523, 2.644331, 0.048396, -0.078176, -1.484075, -0.024937, 0.97418, -1.775205, 0.130151, 0.322684, -1.421562, -0.004242, 0.955595, -1.3783]
[-0.009899, 0.081395, 0.020106, 0.99643, 0.468994, -0.045316, 0.437509, 0.640146, 0.580029, -0.201933, -0.044343, 1.009918, -0.164382, -0.224156, -0.871501, 3.082845, -0.649563, -0.623193, 3.248657, 0.020665, 0.70249, 1.267321, 0.041273, -0.053456, -1.41545, -0.024588, 0.978053, -1.740599, 0.12235, 0.312577, -1.354112, -0.029813, 1.014373, -1.315034]
[0.005257, 0.077502, 0.012685, 0.996898, 0.470121, -0.031475, 0.471543, 1.14397, -0.854366, -0.490231, 1.78601, 1.827132, 1.166603, -2.356032, -0.54899, 4.894155, -1.282396, 1.108768, 1.879627, 0.12877, 3.698792, -2.94055, 0.050825, -0.010488, -1.37386, -0.052722, 0.942211, -1.586355, 0.087532, 0.316978, -1.25867, -0.027535, 1.08851, -1.360892]
[0.019416, 0.063613, 0.004159, 0.997777, 0.481428, -0.028698, 0.106836, 0.682236, -0.694069, -0.395217, 0.378001, 3.080965, -1.028188, -1.752749, 3.79195, 0.285205, 0.647126, 1.83762, -1.533427, -0.381839, 4.148233, -4.901695, 0.108286, 0.072063, -1.380725, -0.160317, 1.006288, -1.500868, 0.08372, 0.37323, -1.25403, -0.025385, 1.223883, -1.497378]
[0.032506, 0.05681, -0.001892, 0.997854, 0.463603, -0.01785, -0.215151, 1.03964, -0.433877, -0.181775, -0.721973, 3.863052, -3.349451, 1.360045, 5.136457, -3.014792, -1.606804, 0.872155, -1.963964, 0.620552, -3.333076, -2.961919, 0.086725, 0.197527, -1.456258, -0.143075, 1.158834, -1.559343, 0.069061, 0.413479, -1.313975, -0.019613, 1.233948, -1.613382]
[0.04232, 0.049512, -0.00372, 0.99787, 0.443789, 0.022613, -0.27035, -0.158159, -0.153728, -0.103793, 0.291761, 4.159157, -3.539864, 1.069665, 1.265852, -4.643701, 0.147852, 2.76189, -2.635516, 0.716756, -7.898741, -0.042149, 0.072248, 0.331032, -1.569785, -0.09466, 1.268418, -1.68757, 0.042993, 0.491011, -1.404649, 0.009229, 1.030732, -1.652363]
[0.031559, 0.047079, -0.006674, 0.99837, 0.494389, 0.100261, -0.261539, -0.93338, -0.28981, -0.285289, 0.898595, 4.267942, -2.533152, 0.624021, -6.286721, -4.526409, 0.565237, 2.772294, -2.063779, 0.287334, -5.188026, 2.779055, 0.0956, 0.470091, -1.670645, -0.070692, 1.179443, -1.832501, 0.057811, 0.576188, -1.475544, 0.025183, 0.809351, -1.602085]
[0.016258, 0.040639, -0.013927, 0.998945, 0.620553, 0.204659, -0.273902, -0.993984, -0.470129, -0.708584, 0.861352, 4.020637, -1.75635, 1.22107, -10.20229, -2.063365, -0.006915, 3.16097, -1.842303, -1.6545, -1.355231, 5.114369, 0.122233, 0.606358, -1.739662, -0.04031, 0.874712, -1.93158, 0.065975, 0.676415, -1.54265, 0.000926, 0.703841, -1.468012]
[0.018719, 0.054588, -0.021701, 0.998098, 0.761122, 0.170403, 0.032617, 0.330932, 1.513423, -0.296652, -0.761977, 1.90008, -1.866149, 2.115208, -10.190527, 3.046352, -1.4853, 2.748038, 4.162053, -1.115264, -0.552789, 2.67415, 0.107335, 0.690895, -1.811718, 0.001071, 0.521583, -1.901209, 0.025835, 0.743334, -1.504409, -0.039149, 0.735138, -1.441844]
[0.013529, 0.079309, -0.022301, 0.996509, 0.80605, 0.108267, 0.175872, -1.204626, 1.592754, 0.180995, 0.471263, 1.415664, -0.055067, 1.170669, -10.108993, 6.241276, 0.228446, 0.267087, 1.935292, 0.943529, -1.783115, 4.399988, 0.100209, 0.748617, -1.841827, 0.065174, 0.188026, -1.737659, -0.006776, 0.817933, -1.375103, -0.04518, 0.700747, -1.326222]
[-0.014016, 0.104492, -0.008062, 0.994394, 0.811557, 0.132001, 0.012659, -1.931943, 1.231415, 1.134765, -0.276814, 3.157908, 0.977793, -2.196862, -5.854985, 3.458025, 0.976773, -0.018642, -0.510919, 4.232728, -7.007129, 0.723007, 0.117823, 0.812084, -1.82707, 0.036752, -0.12256, -1.574469, 0.024621, 0.807468, -1.365824, 0.035588, 0.582618, -1.213754]
[-0.038028, 0.115255, 0.012291, 0.992532, 0.870305, 0.118772, -0.246872, -1.028323, -0.186452, 0.994162, -1.854295, 2.919795, 0.392062, -1.373112, 4.185705, -5.58651, 1.922642, 3.885599, -0.431692, 2.448517, -5.365656, -1.965579, 0.059178, 0.924717, -1.790388, -0.016104, -0.045033, -1.589037, 0.067423, 0.868247, -1.386997, 0.160032, 0.351636, -1.25716]
[-0.038847, 0.090705, 0.024669, 0.994814, 0.848905, 0.107187, -0.219707, -0.131794, -2.513712, 0.366031, -0.385136, 3.788478, 2.993289, -0.585669, 6.673847, -2.160337, 2.440174, 3.595192, -1.065135, 0.11509, 5.94349, -6.043201, 0.030295, 0.99038, -1.732274, -0.060432, 0.141353, -1.708454, 0.130376, 1.005376, -1.407781, 0.168402, 0.328979, -1.323042]
[-0.023309, 0.062548, 0.033981, 0.997191, 0.691247, 0.112503, 0.125394, 0.623087, -1.260935, 0.520549, -0.999107, 1.285854, 3.921639, -2.534296, 4.791175, -0.579756, -0.500262, 0.924987, -4.712449, -0.629359, 3.563895, -1.083431, -0.013787, 1.077152, -1.622548, -0.128687, 0.317775, -1.744117, 0.168306, 1.063628, -1.511644, 0.141444, 0.495434, -1.425857]
[-0.023847, 0.054523, 0.039322, 0.997453, 0.585148, 0.045079, 0.202862, -0.160908, 0.302035, 0.240478, 2.172156, 0.654819, 1.335466, -0.09791, 1.947943, -0.276034, -3.908541, -0.133836, -5.865615, 0.161862, 0.445474, 1.901052, -0.002737, 1.092449, -1.512225, -0.17438, 0.423917, -1.752417, 0.088506, 1.070936, -1.689178, 0.142227, 0.562487, -1.410755]
[-0.025202, 0.064476, 0.040721, 0.99677, 0.53423, 0.007374, 0.110448, -0.073973, 0.444785, -0.122764, 2.208933, -1.625298, -4.634923, 0.407112, 1.780652, -0.543742, -1.350476, -6.4511, -1.01557, -1.780114, 0.778285, -0.211658, 0.097108, 1.088174, -1.576123, -0.170965, 0.476969, -1.770417, -0.013814, 0.960474, -1.785011, 0.113537, 0.56751, -1.364814]
[-0.030768, 0.057933, 0.033899, 0.99727, 0.549597, -0.04467, -0.03206, -0.411253, -1.298218, -0.832855, -2.379021, -9.042877, -5.270972, 1.777417, 4.504918, 0.437671, 1.859992, -9.425803, 4.744549, -0.190203, 5.140468, -1.428988, 0.074649, 0.913147, -1.735225, -0.133274, 0.570261, -1.772976, 0.00387, 0.672178, -1.704891, 0.091843, 0.667223, -1.403082]
[-0.025807, 0.030962, 0.019112, 0.999005, 0.585181, -0.148544, -0.081492, 1.160459, -1.254914, -0.787806, -1.462707, -10.432263, -0.317607, 0.767412, 6.212325, 1.377554, 2.92961, -6.981946, 6.20216, -1.144864, 4.211665, -1.321361, 0.002989, 0.574482, -1.817421, -0.09203, 0.758315, -1.739493, 0.083575, 0.379554, -1.515525, 0.074086, 0.837388, -1.473994]
[-0.004806, 0.029347, 0.0101, 0.999507, 0.550716, -0.17787, -0.066714, 0.345153, 1.314032, -0.476677, 1.938066, -10.798178, 5.665252, 1.822798, 2.840737, -0.955156, 0.165413, 0.416237, -0.164222, -0.155163, -0.860345, 2.56632, 0.00304, 0.221709, -1.712445, -0.035173, 0.917743, -1.717145, 0.12261, 0.325308, -1.457196, 0.039626, 0.899746, -1.456521]
[-0.007587, 0.056619, 0.00285, 0.998363, 0.601763, -0.098907, -0.053078, -0.186822, 1.577286, -0.233391, -0.254712, -4.336215, 6.069316, 0.66979, 1.377082, -1.171332, 0.419039, 0.08546, 0.633939, -0.912432, 2.490551, 1.916198, 0.042626, -0.067533, -1.512308, -0.031136, 0.97318, -1.747559, 0.138165, 0.319782, -1.436059, 0.014575, 0.928106, -1.386378]
[-0.001247, 0.078736, 0.000289, 0.996895, 0.563678, -0.068709, 0.292615, 0.675082, 0.994852, -0.183334, -0.05332, 1.350017, -2.196549, -0.28847, -0.13656, 1.864332, -0.65158, -0.23113, 2.337233, -0.210994, 1.650403, 1.493681, 0.034187, -0.068042, -1.414859, -0.031846, 0.998466, -1.742912, 0.130023, 0.323263, -1.39671, -0.012407, 0.998814, -1.327492]
[0.01149, 0.080969, -0.005986, 0.996632, 0.501793, -0.036852, 0.507814, 1.029816, -0.442122, -0.414411, -0.1204, 1.602749, 1.501541, -0.753158, -1.257492, 5.344244, -1.241635, 0.495793, 2.709699, 0.045757, 3.257779, -1.722141, 0.028636, -0.02002, -1.403191, -0.046232, 0.966952, -1.607381, 0.098977, 0.324133, -1.300727, -0.010987, 1.083645, -1.342723]
[0.02246, 0.069095, -0.014052, 0.997258, 0.51845, -0.040752, 0.213004, 0.322673, -0.734593, -0.442489, 1.475178, 2.962841, -0.418324, -2.924233, 2.819008, 0.945376, 0.964073, 1.815312, -0.955622, -0.419578, 3.984333, -4.690735, 0.071699, 0.061839, -1.387578, -0.148982, 0.993833, -1.500805, 0.095473, 0.369045, -1.267867, -0.008749, 1.210702, -1.458712]
[0.02842, 0.060894, -0.021337, 0.997511, 0.502526, -0.029365, -0.137875, 0.603731, -0.470097, -0.30592, -0.396114, 3.582658, -2.575315, 1.204431, 5.395471, -2.76616, -1.687551, 0.798432, -1.982901, 0.171332, -2.100595, -3.729104, 0.078064, 0.172056, -1.44234, -0.159926, 1.136019, -1.546405, 0.08616, 0.41032, -1.320353, -0.016466, 1.239637, -1.588391]
[0.038836, 0.049511, -0.023017, 0.997753, 0.493723, -0.009027, -0.330512, 0.327487, -0.694956, 0.149642, -0.453997, 4.133767, -3.188481, 1.362352, 1.888595, -4.438308, -0.189391, 4.337397, -4.362365, 1.079967, -7.452752, -0.690243, 0.05866, 0.302926, -1.54042, -0.114802, 1.265453, -1.664706, 0.034266, 0.468365, -1.378872, 0.012438, 1.072039, -1.650536]
[0.030215, 0.04404, -0.023182, 0.998304, 0.521944, 0.055681, -0.334051, -1.115155, -0.296856, -0.134526, 1.045601, 3.935462, -2.885207, 0.711196, -4.899034, -4.742152, 0.916388, 3.214372, -2.652445, 0.38786, -5.728262, 2.330636, 0.073905, 0.431919, -1.644079, -0.076525, 1.209027, -1.813012, 0.050057, 0.581186, -1.482674, 0.028021, 0.841829, -1.618849]
[0.010732, 0.038422, -0.027657, 0.998821, 0.635323, 0.156504, -0.354751, -1.265519, -0.447303, -0.545463, 1.144566, 3.722647, -2.197962, 0.987793, -10.212667, -2.995488, 0.451843, 3.48732, -2.278447, -1.478755, -1.563834, 5.050463, 0.10874, 0.557519, -1.727139, -0.050145, 0.925694, -1.931235, 0.072696, 0.692246, -1.564961, 0.008929, 0.722861, -1.492585]
[0.01435, 0.053481, -0.031829, 0.997958, 0.779865, 0.12452, 0.014058, 0.479877, 1.411834, -0.092552, -0.981935, 2.261828, -2.136866, 2.010021, -10.176655, 2.111016, -1.754713, 2.523957, 3.595991, -1.072454, -0.33554, 2.493159, 0.09072, 0.644193, -1.816012, -0.017367, 0.569609, -1.931995, 0.036746, 0.759878, -1.537981, -0.024088, 0.758628, -1.478235]
[0.011888, 0.073658, -0.029211, 0.996785, 0.860664, 0.054683, 0.230616, -0.940868, 1.286607, 0.456748, 0.076412, 1.918661, 0.316051, 1.343906, -10.118672, 6.18694, -0.262022, -0.167486, 2.519355, 0.938153, -1.481803, 4.50873, 0.075422, 0.717607, -1.842434, 0.05071, 0.236695, -1.782261, -0.014896, 0.819921, -1.403433, -0.02852, 0.738405, -1.369195]
[-0.01092, 0.097599, -0.011061, 0.995104, 0.864333, 0.053485, 0.135077, -1.949665, 1.453654, 1.410465, 0.51737, 3.774909, 1.336055, -1.514741, -9.000791, 4.499173, 1.447336, -0.712703, -0.14018, 3.055076, -6.686521, 1.607202, 0.084979, 0.810479, -1.811219, 0.04068, -0.093022, -1.602042, 0.017231, 0.790949, -1.378104, 0.035634, 0.628074, -1.225777]
[-0.035169, 0.111732, 0.013986, 0.993017, 0.943618, 0.054891, -0.213406, -1.437948, 0.315446, 1.321113, -1.320769, 2.907992, -0.609742, -1.740218, 8.108103, 0.371894, 1.980614, 3.951002, -0.300417, 2.885095, -6.783856, -1.992858, 0.067992, 0.931652, -1.785445, -0.010695, -0.068227, -1.548206, 0.055468, 0.848649, -1.392868, 0.139217, 0.37673, -1.253804]
[-0.041062, 0.09744, 0.033299, 0.993836, 0.959385, 0.032932, -0.267106, 0.323404, -1.895814, 0.783593, -0.967104, 1.934532, 0.555296, -1.367102, 6.366283, -3.109526, 1.659356, 4.195884, -0.539356, -1.139171, 2.621258, -1.314237, 0.044928, 0.956999, -1.746662, -0.056653, 0.114054, -1.695179, 0.112933, 1.000753, -1.404489, 0.168703, 0.313319, -1.318881]
[-0.029688, 0.068512, 0.047302, 0.996086, 0.7651, 0.07388, 0.037015, 0.80837, -1.397828, 0.862934, -1.140172, 2.239274, 3.472843, -2.195518, 4.121777, -0.37624, 0.359478, 0.143197, -3.943365, -0.459707, 3.940158, -1.543368, 0.013578, 1.0639, -1.660581, -0.107262, 0.297001, -1.750578, 0.162715, 1.063591, -1.483605, 0.151681, 0.469122, -1.408398]
[-0.025026, 0.055241, 0.057695, 0.996491, 0.64758, 0.053504, 0.175941, -0.200882, -0.060489, 0.442836, 0.172248, 0.198471, 3.239375, -0.978968, 2.04366, 0.007454, -2.947444, -0.399991, -5.731382, 0.377409, 1.164194, 1.316848, 0.000776, 1.097485, -1.537648, -0.171191, 0.390736, -1.752661, 0.11683, 1.054239, -1.648556, 0.152651, 0.557044, -1.411882]
