0.0,0.0,0.0,1.0,-0.01838,-0.018777,-0.096986,0.0,0.0,0.0,0.0,0.0,0.0,0.0,0.0,0.0,0.0,0.0,0.0,0.0,0.0,0.0,0.0,0.9,-1.8,0.0,0.9,-1.8,0.0,0.9,-1.8,0.0,0.9,-1.8
-0.000252,2.6e-05,-0.000698,1.0,0.123909,0.001589,-0.201887,-0.252247,0.262248,-0.21037,-0.557643,2.205327,0.339984,0.168891,-0.010425,-0.01797,-0.086956,-0.104647,-0.025092,0.072519,1.633263,-0.108594,-0.014499,0.957338,-1.79116,0.004391,0.899729,-1.800467,-0.002261,0.897279,-1.800652,0.001886,0.942465,-1.802823
0.004594,-0.00043,-0.008859,0.99995,0.404514,-0.006295,-0.058029,1.911296,-0.762006,-1.100089,-0.812444,4.164733,-0.27304,3.63482,1.69372,-3.304542,-2.428007,0.572515,-0.059657,-0.815728,2.722114,-0.943004,-0.035622,1.065622,-1.798259,0.098896,0.943766,-1.886385,-0.065389,0.912165,-1.802203,-0.019323,1.01324,-1.827342
0.034869,-0.021215,-0.022265,0.998919,0.425134,-0.05608,-0.086569,1.692256,-2.406147,-0.839141,-2.014032,3.053548,0.379855,6.939852,2.427649,-1.481373,-3.585187,3.297298,-2.68212,-3.456096,4.654035,-2.245422,-0.087987,1.145014,-1.788383,0.279333,1.006885,-1.924901,-0.158604,0.997894,-1.871939,-0.109182,1.134245,-1.885723
0.011484,-0.040519,-0.030362,0.998651,0.453636,0.001989,-0.049238,-3.716351,-0.557921,-0.255056,0.192123,5.823212,-3.760248,4.718181,-2.178901,-1.283781,1.318248,3.603759,-1.305905,6.144103,3.411594,-3.174081,-0.082992,1.296417,-1.88615,0.402005,0.950233,-1.958279,-0.124329,1.091592,-1.905892,0.050565,1.222946,-1.968249
-0.038796,-0.036326,-0.042195,0.997695,0.446007,0.143194,-0.024215,-4.461114,0.339762,-0.949012,-5.826783,2.826717,-7.116751,-1.382413,-4.060429,1.631319,3.253221,0.080078,1.562868,7.614428,3.757744,-2.448062,-0.234488,1.369912,-2.071185,0.366063,0.844662,-1.915865,-0.039746,1.093674,-1.865258,0.24854,1.320648,-2.031898
-0.085279,-0.033381,-0.051531,0.994464,0.350059,0.245413,-0.001856,-2.438867,0.611701,-0.025423,3.257071,-1.087018,-8.184532,-7.225616,-1.510872,4.383943,2.66315,0.198915,1.835349,-0.127959,2.869699,-5.383812,-0.149804,1.341649,-2.283983,0.178197,0.805379,-1.801882,0.029496,1.098846,-1.817538,0.245213,1.39526,-2.171877
-0.019601,-0.027854,-0.044817,0.998414,0.241344,0.193822,0.043085,5.466444,1.002016,0.535818,-3.030515,-2.173142,-6.27303,-6.295659,0.974992,-0.799968,-5.779434,1.081316,0.020081,-9.213469,-4.27263,-2.216407,-0.228598,1.285148,-2.447082,0.014509,0.830729,-1.822682,-0.120769,1.12696,-1.817016,0.005663,1.284171,-2.229504
0.001172,-0.014847,-0.034384,0.999298,0.323122,0.175078,-0.10185,-0.422561,1.052672,0.915233,-3.623771,-6.311582,2.479707,-2.955575,0.349948,-1.445851,-1.516357,-0.390357,1.443939,-0.405451,-8.199101,0.499232,-0.322816,1.121047,-2.382609,-0.062336,0.839828,-1.860274,-0.160194,1.116811,-1.779474,-0.004879,1.070995,-2.216524
-0.018917,-0.011511,-0.019684,0.999561,0.491688,0.234342,-0.038209,-1.422581,-0.578639,1.33631,-0.463053,-5.549368,5.505351,-0.046593,2.693663,-1.839653,2.333361,1.171966,0.608511,6.24791,-7.475457,-1.419518,-0.334855,0.976763,-2.23947,-0.063547,0.909863,-1.908105,-0.099527,1.147282,-1.763653,0.157567,0.876633,-2.253431
-0.022,-0.019003,-0.007234,0.999551,0.597389,0.287853,-0.092245,-0.141067,-0.586469,0.562741,-0.866066,-2.16755,1.763498,-1.233352,2.728188,-0.618821,0.364998,2.975895,-0.271476,1.796323,-1.30123,-0.318868,-0.357373,0.920407,-2.193619,-0.095614,0.980796,-1.924194,-0.090037,1.224655,-1.770711,0.204271,0.842801,-2.261722
-0.028254,-0.026009,-0.00255,0.999259,0.692733,0.311078,-0.233792,-0.311024,-0.477118,0.137738,0.922721,-1.393793,1.585663,-0.756988,3.593259,-0.168477,-0.133083,2.313937,0.865338,-2.083221,1.530653,2.529304,-0.333382,0.884168,-2.152392,-0.115296,1.074221,-1.928575,-0.093497,1.284818,-1.748212,0.150107,0.882598,-2.19596
-0.025312,-0.037392,-0.002785,0.998976,0.719704,0.283989,-0.287715,0.757511,-1.397666,-0.186896,0.781324,0.505901,2.302246,-1.491843,3.68539,-0.111782,-2.480642,2.426524,0.665156,0.340689,1.859575,3.153241,-0.313068,0.897322,-2.092534,-0.154084,1.170041,-1.931481,-0.157994,1.347907,-1.730918,0.158965,0.930947,-2.113976
-0.029136,-0.059857,-0.009815,0.997733,0.626321,0.191125,-0.373051,-0.208509,-2.11027,-0.809643,6.038907,2.982233,1.401459,-0.825278,4.467931,0.587578,-2.844133,3.353497,-1.936868,1.514294,2.762495,1.947417,-0.156056,0.97486,-2.056096,-0.175541,1.286207,-1.916204,-0.231941,1.435098,-1.781277,0.198337,1.002772,-2.063343
-0.025446,-0.07529,-0.014417,0.996733,0.572852,0.081491,-0.406851,1.201108,0.08591,0.185438,8.114121,3.363721,0.628619,-0.927878,4.883642,-1.797402,-0.538945,1.942797,-3.893091,-0.995441,5.08713,-2.672682,0.054911,1.062316,-2.039752,-0.199666,1.413182,-1.962936,-0.245954,1.485611,-1.882497,0.172455,1.135037,-2.132833
-0.016309,-0.055756,-0.004119,0.998303,0.546165,0.082677,-0.184921,-0.407328,2.617845,1.075369,3.306478,2.688295,0.91825,2.654558,4.206006,-1.825222,0.945691,0.629497,-1.635595,-0.515295,0.961669,-0.749276,0.140879,1.132212,-2.015877,-0.130647,1.522538,-2.010392,-0.221366,1.501978,-1.925023,0.159058,1.16004,-2.152314
-0.035689,-0.027859,0.00963,0.998928,0.537718,0.131311,0.020684,-1.167542,1.561463,1.020442,0.801341,2.508856,-2.888807,5.997855,1.230383,-1.122027,3.319728,-3.96322,-4.007859,2.249287,-0.909854,0.897011,0.161714,1.197442,-2.090986,0.025297,1.554528,-2.039565,-0.135053,1.398934,-2.029227,0.217539,1.136384,-2.128992
-0.018232,-0.012476,0.019361,0.999568,0.517241,0.096921,0.262044,3.492643,1.161325,0.328039,-2.122707,2.44144,-1.104915,6.601002,-4.605351,-2.9467,-1.937356,-3.916969,-6.437805,-1.324552,-0.017777,1.465368,0.106524,1.26092,-2.119714,0.196923,1.434789,-2.116179,-0.185424,1.297093,-2.19661,0.183101,1.135922,-2.090892
0.018369,0.003049,0.013829,0.999731,0.50238,0.009989,0.292012,1.610139,0.82259,-1.145315,-3.052603,1.302451,-0.286469,4.303371,-7.816426,-5.907878,-2.433909,-5.516966,-3.777707,-4.071884,-0.040697,2.611815,0.027156,1.294783,-2.127162,0.308811,1.231562,-2.269784,-0.248706,1.153652,-2.29483,0.077232,1.134864,-2.022985
0.003624,0.009897,-0.006769,0.999922,0.521123,0.066913,0.138107,-2.760885,0.136444,-1.774002,1.718474,-0.324906,1.688735,1.080417,-8.466044,-2.029984,3.254028,-7.681974,-0.873746,-0.656765,0.609787,1.362593,0.071837,1.286336,-2.083255,0.336902,1.011444,-2.322563,-0.164101,0.95392,-2.317548,0.060156,1.150718,-1.987557
-0.020071,0.01256,-0.026294,0.999374,0.57726,0.201376,-0.035687,-0.760762,0.456989,-1.02846,2.091028,-0.100877,1.909297,-2.671265,-4.303133,3.216864,3.719333,-4.661646,1.626223,-0.031714,2.119715,0.713605,0.126203,1.283713,-2.033613,0.267449,0.899563,-2.238925,-0.067399,0.832718,-2.275266,0.059331,1.205831,-1.969004
-0.016648,0.014159,-0.033626,0.999195,0.623047,0.297664,-0.139537,0.595297,-0.284228,-0.110572,-0.797134,1.293673,0.923179,-2.29355,-0.010458,4.74965,0.86397,0.294472,3.78151,-1.624589,2.083714,0.56303,0.105478,1.317349,-2.009611,0.207816,0.899291,-2.115434,-0.044935,0.840374,-2.176947,0.017092,1.260007,-1.954365
-0.014983,0.002899,-0.028178,0.999486,0.614674,0.322923,-0.135415,-0.37404,-1.658019,0.694883,-1.576444,2.108435,2.065828,-0.642165,1.006954,2.910427,-2.015821,2.726456,3.803992,0.612088,3.129786,-0.308929,0.06449,1.372168,-1.955899,0.19112,0.925472,-2.039763,-0.097347,0.911262,-2.078043,0.033006,1.341382,-1.962397
-0.007654,-0.007155,-0.014289,0.999843,0.460484,0.196065,-0.048392,0.327347,0.499344,1.111731,-4.023089,2.459702,0.36451,-2.57202,-0.657349,0.312824,-2.492215,2.69042,4.124333,-0.526069,3.340736,-0.462618,-0.04011,1.43612,-1.946422,0.124248,0.908381,-2.031629,-0.162144,0.981213,-1.97081,0.019329,1.428241,-1.974425
-0.002819,0.008481,-0.006266,0.99994,0.399818,0.036937,-0.050395,-0.701857,1.032686,0.330334,-5.829771,-0.453686,-5.09287,-2.099481,2.251427,-2.880905,-0.814004,1.467908,1.239568,-4.198235,2.397717,0.895237,-0.191684,1.424324,-2.078836,0.069661,0.966918,-2.106533,-0.183308,1.019378,-1.938581,-0.089826,1.490582,-1.951149
-0.027894,0.009951,-0.000678,0.999561,0.41264,0.09048,0.067049,-1.081448,-0.780551,0.318115,-0.072603,1.54013,-6.885001,1.626961,2.241708,0.395743,1.771033,2.339156,0.845765,0.294917,2.520462,-5.551786,-0.193572,1.464368,-2.257847,0.111962,1.025202,-2.096244,-0.137262,1.080196,-1.916591,-0.082158,1.556114,-2.095495
-0.013055,-0.000291,-0.003333,0.999909,0.449229,0.161451,0.157069,1.770485,-0.646033,-0.438597,-3.312982,0.012327,-6.544173,-1.288174,2.10099,1.138598,-1.671565,2.531004,-0.454973,0.617351,-1.972884,-9.455988,-0.279709,1.464688,-2.427995,0.078469,1.079828,-2.06664,-0.180722,1.146002,-1.928421,-0.066107,1.504819,-2.341351
0.002381,-0.007443,-0.008179,0.999936,0.483259,0.180253,0.164681,1.081769,-0.628355,-0.183071,-3.082542,-5.698909,-3.436014,-1.617742,1.727607,1.585086,-2.165882,1.334435,0.978345,3.091059,-6.004615,-5.784592,-0.359855,1.316517,-2.517331,0.036408,1.124746,-2.025428,-0.237035,1.180698,-1.902984,0.014261,1.348699,-2.49175
0.00594,-0.013637,-0.007555,0.999861,0.482959,0.179029,0.138149,-0.428531,-0.261956,0.276851,-0.15114,-6.732019,0.682738,-1.129637,1.586244,1.394671,-0.934057,1.282139,1.558245,2.507257,-6.704648,-0.827672,-0.363785,1.141484,-2.49958,0.007038,1.165988,-1.989166,-0.261321,1.214033,-1.862469,0.07945,1.174378,-2.51327
-0.002597,-0.014496,-0.000309,0.999892,0.477471,0.165302,0.104173,-0.883982,0.039223,0.812823,0.137713,-4.794663,3.279368,-0.553699,1.594574,0.569578,0.69731,1.017668,1.974157,-0.38657,-4.260407,2.830612,-0.360205,1.016823,-2.414317,-0.007359,1.207447,-1.974357,-0.243191,1.240493,-1.811141,0.069399,1.063607,-2.439674
-0.015273,-0.016317,0.012416,0.999673,0.484516,0.130178,0.067003,-0.618066,-0.330665,0.95061,0.372847,-2.997739,5.318369,-0.351164,1.556089,0.42905,1.549918,1.533589,1.633468,-0.115777,-1.686594,4.844535,-0.350511,0.938882,-2.276039,-0.016489,1.247905,-1.963202,-0.202893,1.280366,-1.768671,0.066389,1.019756,-2.313716
-0.015833,-0.025568,0.022419,0.999296,0.523783,-0.037361,0.058256,0.765935,-1.255308,0.510913,0.207428,-1.072897,5.9733,-0.865509,1.591253,1.339956,-0.14391,0.862577,-0.084193,1.896081,0.253608,4.76486,-0.345117,0.910986,-2.120733,-0.038992,1.289278,-1.928363,-0.206634,1.302793,-1.77086,0.115687,1.02635,-2.18983
-0.057882,-0.043303,0.01958,0.997192,0.492825,-0.031946,0.101374,-6.004907,-1.471506,-0.563668,2.08392,0.728929,2.169791,3.471555,2.28927,1.800113,3.07188,2.3456,0.896506,6.324159,1.502536,3.07132,-0.290935,0.929938,-2.064319,0.051268,1.348799,-1.88156,-0.126766,1.363779,-1.747551,0.280115,1.065416,-2.109975
-0.095872,-0.062114,0.006781,0.993431,0.430221,0.024516,0.081089,1.148809,-0.506898,-1.053207,-1.972975,-0.648227,3.384197,3.343738,2.30311,2.644192,2.21987,0.067651,-3.109142,0.172712,3.420895,0.198692,-0.342233,0.913085,-1.97633,0.138206,1.40868,-1.812811,-0.069049,1.365537,-1.828389,0.284605,1.154359,-2.104809
-0.043014,-0.052455,-0.002856,0.997692,0.4545,0.016198,0.119119,7.998652,2.201595,-1.090999,-1.622451,-0.922544,3.401057,0.883088,1.440163,0.891098,3.514494,0.306805,-9.063208,-5.432361,1.06493,1.528703,-0.384417,0.889098,-1.887902,0.161166,1.446124,-1.789643,0.022328,1.373514,-2.064032,0.143364,1.182047,-2.065063
0.022711,-0.028004,-0.017697,0.999193,0.448807,-0.177048,0.245943,3.593991,1.504316,-1.335938,-2.87889,2.327999,-6.372079,7.160733,3.652517,-3.340171,6.188247,3.731531,-6.067218,-6.802786,-1.418815,3.433717,-0.459268,0.949626,-2.053576,0.347345,1.54109,-1.876487,0.183222,1.470534,-2.22178,-0.033508,1.145158,-1.975786
0.035726,-0.015095,-0.030309,0.998788,0.550378,-0.118133,0.377433,-2.769334,0.053279,-0.424895,0.957883,1.631902,-2.552056,4.134897,-1.529531,-11.270162,-2.117814,-2.968037,-5.675514,-1.642631,-0.2654,2.493998,-0.434363,0.992056,-2.11993,0.454852,1.501322,-2.169511,0.128159,1.393365,-2.369343,-0.076217,1.138257,-1.910943
-0.001318,-0.019559,-0.026445,0.999458,0.621433,0.160109,0.486929,-1.623904,-0.647854,0.811351,4.258025,2.017808,2.053759,-2.508109,-8.839358,-9.366392,-9.752888,-8.281027,-4.922443,3.379995,1.235966,1.647167,-0.323654,1.044519,-2.066532,0.389641,1.271498,-2.413038,-0.125416,1.178059,-2.497327,0.011663,1.170393,-1.868116
-0.000579,-0.024775,-0.010766,0.999635,0.677141,0.246828,0.358966,1.94389,-0.039645,1.445267,-0.365144,2.02189,3.488427,-1.659248,-6.669799,-0.259248,-2.578272,-6.529551,-0.480825,-0.485389,0.418999,2.486272,-0.333148,1.097088,-1.975833,0.346501,1.098084,-2.419778,-0.192451,1.00829,-2.509828,-0.000957,1.181287,-1.803473
0.022372,-0.028255,0.010097,0.999299,0.694043,0.191115,0.157522,1.715498,-0.257308,1.53347,-2.671257,1.751352,4.127124,0.090158,-2.783328,3.761242,3.446465,-3.005627,5.492793,-2.986476,0.019155,2.925382,-0.4026,1.142623,-1.868527,0.348845,1.025717,-2.321986,-0.102843,0.930144,-2.367015,-0.078605,1.181785,-1.727413
0.032535,-0.034662,0.025512,0.998544,0.705263,0.194111,0.095574,-0.084431,-0.82618,0.800669,-0.56004,2.337224,2.662877,0.603253,-0.557337,4.866987,0.826023,-2.354277,8.915427,-1.035757,1.148197,1.687732,-0.417162,1.203391,-1.799293,0.36453,1.011226,-2.195444,-0.081366,0.868933,-2.135214,-0.105535,1.211638,-1.683532
0.025849,-0.048547,0.029995,0.998036,0.64303,0.22387,0.036982,-1.214231,-1.359693,0.031088,0.580788,1.708828,3.004015,-0.864858,-0.599431,4.108137,-1.755064,-1.449894,5.205662,0.174224,3.363149,0.363958,-0.402061,1.24782,-1.721188,0.342043,0.995641,-2.088633,-0.126998,0.831235,-1.999867,-0.101005,1.29908,-1.674069
0.012057,-0.061924,0.024869,0.997698,0.512917,0.17728,-0.076281,-1.239316,-0.484255,-0.201019,1.031014,0.547695,2.809591,-2.329964,-1.301177,1.308268,-2.062258,-0.749563,5.670808,-1.8673,4.146009,-0.067166,-0.375255,1.262061,-1.648139,0.281464,0.961811,-2.054618,-0.180617,0.811747,-1.852426,-0.149555,1.406876,-1.675816
0.015215,-0.071257,0.029153,0.996916,0.452845,0.193511,-0.155561,1.041839,-1.310323,0.741008,2.022024,4.682742,-5.982275,-6.280081,4.085208,3.107464,2.079574,1.143902,4.259659,-2.604529,3.811774,-1.403649,-0.322682,1.383812,-1.803678,0.118182,1.068026,-1.973824,-0.126548,0.841488,-1.741675,-0.217273,1.505982,-1.71231
-0.002345,-0.072754,0.036218,0.996689,0.418132,0.06679,-0.028482,-0.24353,-0.261062,0.693568,0.795713,6.156366,-10.893135,-2.282202,2.932279,-0.68141,1.033816,2.665659,-1.165688,1.35458,3.03149,-3.737085,-0.301994,1.543877,-2.0869,0.058845,1.144265,-1.99154,-0.099668,0.910795,-1.771983,-0.182054,1.584801,-1.809475
-0.038671,-0.082555,0.040045,0.99503,0.392908,-0.004627,0.15011,-4.221655,-0.952199,0.083419,-0.609144,1.359436,-9.232787,2.073045,2.756581,-1.012045,2.669799,2.716276,-0.487354,7.746499,0.418406,-10.655216,-0.317831,1.579223,-2.326952,0.112744,1.215936,-2.017853,-0.030254,0.981419,-1.784654,0.019355,1.595679,-2.08651
-0.077206,-0.09622,0.030773,0.991884,0.336562,0.025792,0.108834,-2.519202,-0.986419,-0.839816,-2.620379,-4.603863,-6.105598,3.330806,2.272379,1.072216,2.655709,1.96439,0.449916,1.422049,-4.669223,-11.756594,-0.385961,1.459522,-2.485698,0.199345,1.275018,-1.989976,0.038795,1.032493,-1.772956,0.056328,1.474279,-2.392182
-0.086495,-0.117397,0.018846,0.989132,0.243036,0.079134,0.101779,1.021666,-2.182007,-0.8842,-0.312734,-6.836975,-1.068519,1.087994,1.687863,2.778608,-1.459284,2.254527,0.560486,-0.667794,-7.120448,-3.891203,-0.394092,1.281761,-2.513479,0.227633,1.318903,-1.917732,0.000853,1.09111,-1.758384,0.038966,1.289148,-2.493353
-0.071696,-0.140686,0.013211,0.987366,0.215018,0.090649,0.082662,1.200621,-1.219658,-0.689077,1.552285,-5.663575,3.147593,-1.230158,1.062825,2.870409,-2.47958,3.112508,-1.023666,3.209304,-6.177231,2.14618,-0.353733,1.134508,-2.431642,0.195649,1.346536,-1.843101,-0.063616,1.172036,-1.784999,0.122408,1.12854,-2.437552
-0.064371,-0.150723,0.007493,0.98645,0.176222,-0.00094,-0.005983,-0.209753,-0.428226,-0.444189,1.282667,-2.930016,5.695087,-0.830567,0.643001,1.7563,-1.507008,1.172199,0.204383,3.503458,-2.991358,4.272312,-0.320383,1.058328,-2.283569,0.174054,1.363254,-1.797437,-0.102798,1.202513,-1.779685,0.213498,1.050764,-2.326472
-0.078173,-0.148266,0.007841,0.985822,0.262703,-0.06461,-0.026811,-1.263456,0.767829,1.05427,0.398045,-0.813853,5.210982,1.456938,0.435285,-0.995755,1.090826,0.085734,0.807892,1.603408,-0.361136,1.260944,-0.310034,1.037167,-2.148084,0.211934,1.374571,-1.823327,-0.074436,1.204742,-1.75868,0.255186,1.041375,-2.293688
-0.09255,-0.136029,0.025353,0.986047,0.380675,-0.039111,-0.085345,-0.240522,0.810111,1.875093,-0.865506,0.435422,3.788349,1.24185,1.192109,-0.195041,2.763376,0.398723,0.518513,2.407323,-1.444485,1.450872,-0.332537,1.048488,-2.049587,0.244223,1.405566,-1.828398,-0.002589,1.215109,-1.745198,0.317777,1.003818,-2.255965
-0.088857,-0.124861,0.049933,0.986925,0.344839,-0.061258,-0.209525,0.498685,0.597686,1.869603,0.202165,1.337084,4.589469,0.137624,2.919111,0.514313,1.790815,1.594567,0.082848,-2.640139,1.784562,6.558271,-0.327281,1.083253,-1.930261,0.247801,1.481463,-1.815026,0.043972,1.256567,-1.743044,0.249133,1.050217,-2.08545
-0.086645,-0.113155,0.071274,0.987223,0.263456,0.031174,-0.054244,1.187713,1.141038,1.253517,-0.444482,2.390302,0.525655,1.747923,3.880676,0.61776,3.503196,4.396514,-1.146738,-3.341663,0.788297,4.455879,-0.338838,1.1454,-1.916594,0.293247,1.582361,-1.798964,0.135056,1.370877,-1.77286,0.16225,1.070713,-1.969597
-0.06645,-0.092569,0.079994,0.990261,0.326134,0.213257,0.164695,1.692532,0.939786,0.071572,-2.701188,1.60587,-1.915592,1.330384,2.453686,-8.34178,3.150754,5.021216,-7.271222,-1.276674,-1.63831,1.440424,-0.409068,1.187153,-1.966399,0.327837,1.646157,-2.015851,0.216975,1.501428,-1.961911,0.129056,1.028117,-1.932146
-0.023227,-0.088011,0.078455,0.992753,0.378472,0.246105,0.497528,3.463537,-0.508944,-0.579317,-3.920162,0.843328,0.009507,1.301281,-2.736244,-12.919496,-7.120093,-0.846244,-11.923901,-4.303788,0.878832,0.871421,-0.510993,1.20908,-1.966152,0.36167,1.575014,-2.351757,0.031853,1.479426,-2.271933,0.017158,1.050966,-1.909489
-0.003197,-0.09766,0.073053,0.99253,0.419297,0.228992,0.61423,-0.180136,-1.137135,-0.660284,-1.384622,-0.163354,2.840283,2.10996,-7.063225,-6.922734,-7.316363,-5.287012,-7.915814,-2.913032,2.234026,0.951937,-0.546993,1.204832,-1.892304,0.416529,1.39137,-2.531749,-0.158373,1.341964,-2.477744,-0.058581,1.109051,-1.884739
-0.0145,-0.108629,0.060781,0.992117,0.519706,0.211644,0.494234,-0.965053,-0.439023,-0.971087,1.820169,-1.16796,4.176741,-0.467209,-7.176447,0.915577,-0.353976,-6.799022,-1.276763,-0.644769,1.836123,2.017661,-0.499668,1.174465,-1.783709,0.404382,1.204783,-2.507944,-0.167576,1.165189,-2.51094,-0.075345,1.15679,-1.83228
-0.014444,-0.113573,0.046068,0.992356,0.614718,0.183733,0.351841,0.298523,-0.279906,-1.250569,0.91155,-0.682896,3.072539,-1.180283,-4.251472,4.836017,0.763252,-5.155315,3.726807,-1.740831,1.148743,2.739823,-0.475968,1.15671,-1.703823,0.373694,1.094245,-2.382207,-0.147732,1.031151,-2.414043,-0.120607,1.186657,-1.761044
-0.010833,-0.117921,0.029425,0.992528,0.67751,0.158629,0.188071,0.001917,-0.375314,-1.280121,1.462092,1.232532,0.82878,-0.186031,-2.207598,5.864385,0.151521,-2.33833,7.136752,-2.22668,1.511854,2.403495,-0.437954,1.188756,-1.682275,0.368857,1.036847,-2.229733,-0.143792,0.970354,-2.228487,-0.1785,1.225966,-1.698553
-0.015268,-0.121567,0.013068,0.99238,0.669193,0.147632,0.078065,-0.550045,-0.155075,-1.111256,2.320319,2.909352,0.14142,0.149022,-1.276724,7.960642,2.384254,-0.669515,7.634436,-1.633619,1.873271,1.805426,-0.377625,1.264399,-1.678598,0.372732,1.003652,-2.022756,-0.081801,0.952947,-2.029992,-0.220974,1.274671,-1.651612
-0.035655,-0.116187,-0.00546,0.992572,0.63131,0.105429,0.246266,-3.332875,1.440224,-1.182066,2.162856,2.845784,-2.997835,0.972485,0.788621,8.934034,1.726328,0.150868,3.229614,-0.524444,1.237623,1.487858,-0.321391,1.338389,-1.756542,0.398017,1.024156,-1.790472,-0.036917,0.95687,-1.946022,-0.23461,1.306849,-1.612928
-0.054554,-0.111284,-0.019819,0.992092,0.417328,0.132212,0.44072,0.308916,-0.396506,-0.490722,-0.298761,3.125249,-4.344895,1.706917,3.087917,-0.332487,0.241873,0.726649,1.889387,1.386149,1.052924,-0.55698,-0.329159,1.419646,-1.869509,0.442396,1.104442,-1.799116,-0.030628,0.975763,-1.896898,-0.19857,1.334225,-1.627409
-0.048797,-0.113732,-0.021446,0.992081,0.27267,0.04293,0.248945,0.14309,0.481642,0.124134,-0.990003,3.450362,-4.869618,-1.223529,1.265287,1.823512,-1.037849,1.288812,1.868237,-0.767478,4.983,-3.757007,-0.354899,1.509355,-1.996119,0.410585,1.13734,-1.751705,-0.057612,1.009272,-1.848324,-0.218525,1.463783,-1.725092
-0.082412,-0.105704,-0.013086,0.99089,0.266943,0.133326,0.23639,-4.305943,0.265401,1.73924,0.564272,1.925382,-7.210581,1.867251,0.105513,0.184971,3.266022,-0.535289,3.305969,5.88303,4.376221,-7.344398,-0.340228,1.559415,-2.183594,0.459133,1.140083,-1.746896,0.027304,0.995354,-1.762369,-0.065566,1.577565,-1.916046
-0.097135,-0.104199,0.005676,0.989785,0.313812,0.166267,0.213876,0.764847,-0.461513,1.416693,-3.361634,-1.859242,-3.667007,0.105658,0.067693,-0.450392,2.10635,1.529903,1.230535,9.935909,-2.13961,-14.171569,-0.427631,1.511075,-2.278936,0.46188,1.141843,-1.758606,0.082069,1.035132,-1.730375,0.192768,1.521935,-2.284507
-0.068246,-0.108778,0.0234,0.991445,0.358968,0.103475,0.129243,2.820825,-0.546484,0.648724,0.55387,-6.879713,-1.307632,-3.637544,-0.025546,1.158213,-1.767865,2.064214,0.302557,-1.31614,-6.706596,-6.91614,-0.41323,1.332202,-2.312935,0.367304,1.141179,-1.728492,0.036105,1.088801,-1.722508,0.158548,1.347563,-2.464326
-0.039994,-0.108198,0.027987,0.99293,0.446648,-0.002045,-0.047217,0.729303,0.382734,-0.340934,1.914361,-6.874451,0.564551,-2.872412,0.424787,1.280858,-2.500858,0.964766,0.715296,-5.455805,-8.437387,0.998721,-0.363457,1.153467,-2.298256,0.292621,1.152223,-1.69519,-0.028917,1.113885,-1.70391,0.016697,1.128191,-2.43836
-0.059309,-0.108851,0.018549,0.992114,0.515192,-0.013,-0.078105,-2.017772,-0.134271,-0.771972,1.960388,-3.980146,2.815547,1.757346,1.70414,0.300419,0.868062,0.523018,0.972383,1.012266,-6.221649,4.438127,-0.312486,1.049983,-2.225052,0.338312,1.196531,-1.687379,-0.006348,1.127484,-1.678629,0.043016,0.966428,-2.322968
-0.081286,-0.114599,0.004344,0.990071,0.59894,0.047354,-0.079069,-1.184225,-0.687385,-0.940054,-0.607449,-2.533542,3.284645,2.267184,2.187414,0.774317,0.798931,1.448291,0.206721,5.835859,-2.399026,5.031661,-0.32828,0.984111,-2.139651,0.397259,1.253404,-1.667247,0.014424,1.165139,-1.673254,0.194749,0.904054,-2.192145
-0.086414,-0.124621,-0.006313,0.988414,0.659696,0.104218,-0.081068,-0.262516,-0.741655,-0.633756,-0.134968,-1.764534,2.72144,0.642459,2.156763,1.442705,-0.674742,2.548978,-0.372461,2.542689,0.040084,4.611486,-0.331789,0.938233,-2.068894,0.413963,1.30948,-1.629737,-0.003119,1.231413,-1.682938,0.260858,0.905096,-2.072247
-0.095934,-0.138039,-0.010083,0.985718,0.611647,0.099161,-0.014291,-0.632531,-1.33292,-0.046462,4.704384,1.208526,3.103323,-1.550221,3.789256,-0.287932,0.019131,3.517184,-0.400367,-0.147723,1.459427,6.391736,-0.209475,0.969655,-1.988207,0.373657,1.408,-1.637223,-0.002621,1.322859,-1.693347,0.257018,0.943041,-1.906061
-0.101011,-0.141925,-0.002528,0.984707,0.588038,0.151718,0.16772,-1.073222,-0.166408,0.73754,2.650201,2.649196,1.702626,-2.432199,4.80496,-4.354115,3.406095,4.398055,-1.777233,0.261776,2.821769,-0.735196,-0.14057,1.038534,-1.943939,0.31042,1.532929,-1.75043,0.085937,1.437209,-1.739555,0.263824,1.016407,-1.925176
-0.103848,-0.146593,0.00575,0.983714,0.511032,0.137642,0.21278,0.79716,-0.525587,0.59761,-0.716822,2.483283,1.270371,-0.443894,2.817407,-4.561476,2.909755,3.688593,-3.943556,0.340905,2.533031,-0.343501,-0.159207,1.103099,-1.91091,0.298879,1.606182,-1.869028,0.161591,1.533112,-1.842088,0.272687,1.082266,-1.934107
-0.063567,-0.149739,0.016335,0.986545,0.491753,0.056241,0.326609,3.473911,0.097737,-0.178416,-3.875922,2.217073,1.032346,0.892414,-0.634941,-8.695126,-6.714281,0.482873,-11.790059,-3.548093,1.717011,1.132927,-0.259981,1.160743,-1.884069,0.322082,1.589673,-2.095101,-0.012981,1.545667,-2.148629,0.180437,1.126908,-1.904651
-0.032007,-0.146791,0.01078,0.988591,0.484936,0.094064,0.462837,0.954871,0.257555,-1.360242,-2.329055,1.139284,0.410317,2.930704,-7.404568,-11.631737,-6.905355,-4.92832,-10.999404,-3.569307,1.356531,1.706542,-0.320537,1.190364,-1.8734,0.39828,1.397154,-2.397527,-0.19252,1.417531,-2.434614,0.087635,1.162178,-1.860281
-0.01644,-0.142921,-0.008089,0.989565,0.546829,0.216555,0.46317,1.17644,0.287101,-1.358714,-0.332648,0.165436,0.831137,-0.20432,-8.853609,-3.11961,-2.647456,-7.437034,-2.90038,-2.945709,1.136302,2.460978,-0.329186,1.194666,-1.851791,0.392968,1.166961,-2.478636,-0.261354,1.224168,-2.510024,0.011047,1.191722,-1.796296
-0.002829,-0.142939,-0.018609,0.989552,0.59419,0.257133,0.348776,0.850593,-0.127264,-0.57799,-0.978094,-0.128685,2.529173,-1.009838,-4.778471,3.308071,-0.187219,-6.742462,2.755686,-2.689815,0.797362,2.851494,-0.354616,1.19132,-1.786032,0.366712,1.04272,-2.392627,-0.266221,1.048864,-2.438376,-0.058889,1.212453,-1.722157
0.007756,-0.146179,-0.020335,0.989019,0.638493,0.231756,0.189433,0.68506,-0.225471,-0.021363,-1.431469,0.013328,3.456937,-0.119633,-2.018739,5.57177,0.001756,-3.840921,5.905381,-2.098525,1.179443,2.563075,-0.391834,1.191666,-1.696152,0.363602,0.990233,-2.247761,-0.266176,0.949,-2.284836,-0.11345,1.243119,-1.655517
0.011482,-0.146097,-0.017487,0.989049,0.654535,0.208836,0.020303,0.49974,0.385974,0.320398,-0.505055,1.480912,2.288797,0.131321,-0.704904,6.069806,1.767301,-0.803945,6.568861,-1.042013,1.067302,2.074694,-0.404966,1.23017,-1.636643,0.367016,0.971906,-2.089946,-0.220226,0.928097,-2.114046,-0.140543,1.270868,-1.601575
0.010924,-0.139232,-0.012511,0.99012,0.625498,0.247751,-0.08408,-1.370197,0.767707,0.33232,0.800487,2.945315,0.299271,0.163044,0.762705,9.155921,3.921396,1.379478,5.988834,-0.314128,0.709726,1.52458,-0.384153,1.306748,-1.628862,0.371255,0.991736,-1.851892,-0.11827,0.963964,-1.958336,-0.14871,1.289321,-1.561936
-0.020691,-0.116786,-0.014197,0.99284,0.583131,0.182705,0.033575,-2.148844,1.995048,0.189382,2.16589,3.758594,-3.05951,0.711855,2.678466,5.341276,1.777713,-0.074225,1.790365,0.772172,0.074312,0.387178,-0.32784,1.404472,-1.708409,0.389763,1.061376,-1.713018,-0.072049,0.962034,-1.911786,-0.128633,1.291253,-1.551869
-0.044392,-0.105076,-0.016605,0.993334,0.370253,0.162113,0.120221,-1.616899,0.16029,0.173754,-0.447888,2.588632,-6.183386,1.655908,2.996131,-2.471678,1.041068,0.768151,1.267949,0.378432,3.763143,-3.636597,-0.339485,1.471776,-1.869177,0.432817,1.139276,-1.777282,-0.044981,0.982006,-1.87882,-0.118794,1.389095,-1.646421
-0.048201,-0.103883,-0.011609,0.993353,0.120444,0.086314,0.094376,0.534301,0.330727,0.725503,-1.25993,1.827161,-8.012478,-0.416456,1.714182,-0.304681,-0.006961,1.726512,0.700229,-0.677426,5.701473,-5.221454,-0.372243,1.519282,-2.077502,0.421989,1.183844,-1.785204,-0.045162,1.026895,-1.860614,-0.136407,1.537333,-1.782179
-0.063664,-0.094441,0.00368,0.993486,0.100973,0.065121,0.215834,-2.510945,0.499038,1.944743,-0.048494,-0.49055,-6.950595,0.26016,0.265112,-1.536034,1.82415,-0.039881,1.541681,3.18777,1.386375,-4.890911,-0.373504,1.506528,-2.258217,0.428753,1.190737,-1.825141,0.002266,1.025858,-1.82053,-0.053525,1.573379,-1.909342
-0.069039,-0.092116,0.025058,0.993036,0.207427,0.033656,0.314465,0.384078,-0.374548,1.395535,-1.129357,-5.341447,-2.885229,-0.720128,-0.49301,-0.857824,1.533703,0.747427,0.652985,8.738284,-5.888703,-12.190068,-0.402867,1.36765,-2.333233,0.41003,1.177919,-1.847444,0.042142,1.045291,-1.803552,0.17367,1.420273,-2.226284
-0.058551,-0.099677,0.038171,0.992562,0.296135,0.03293,0.375336,1.271388,-0.850539,0.323174,0.951224,-6.766395,0.492156,-1.739613,-0.517057,1.689013,-0.065218,1.606608,0.496553,1.672708,-7.373101,-5.879782,-0.378136,1.191724,-2.320437,0.3648,1.164475,-1.80353,0.040446,1.087063,-1.790642,0.21716,1.228572,-2.379158
-0.031622,-0.104047,0.036729,0.993391,0.433754,0.012171,0.08646,1.203945,-0.10869,-0.904264,0.726162,-4.300896,2.935645,-2.436062,-0.362759,3.363216,-2.338424,0.552929,1.392708,-5.954742,-5.43623,1.062265,-0.359255,1.079901,-2.24411,0.301462,1.155044,-1.716086,-0.020353,1.101439,-1.754432,0.062337,1.08723,-2.35154
-0.044884,-0.111123,0.022434,0.992539,0.524478,0.061328,-0.074839,-1.680857,-0.612121,-0.955024,2.049109,-1.957437,3.624463,1.408198,1.798874,2.792193,0.17538,0.48059,1.529878,-0.639071,-3.681284,4.320565,-0.305978,1.029008,-2.149874,0.338075,1.201814,-1.643489,-0.015793,1.113934,-1.714655,0.045721,0.991517,-2.239205
-0.071781,-0.120766,0.008368,0.990047,0.616695,0.145513,-0.083543,-2.080204,-0.866665,-0.716499,-0.825045,-2.317506,2.788698,2.314536,2.346433,1.09946,1.046,1.747175,0.308151,6.345547,-1.950626,4.764631,-0.32743,0.968752,-2.077368,0.398253,1.262822,-1.614903,0.011403,1.159361,-1.706643,0.210706,0.940801,-2.115324
-0.087607,-0.134965,0.000342,0.98697,0.618112,0.165379,-0.102732,-0.925516,-1.222921,-0.371101,0.84984,-1.092786,2.154369,-0.22097,3.444729,0.004964,0.117296,3.203591,-0.511186,2.009912,0.223921,4.373387,-0.305334,0.94034,-2.021355,0.392508,1.352385,-1.614774,0.014453,1.242654,-1.719934,0.262963,0.946623,-2.001616
-0.106269,-0.155228,-0.002654,0.982143,0.556242,0.11351,-0.115138,-0.176255,-1.452462,0.012349,8.422691,3.261852,3.873732,-3.152191,5.03908,-1.653765,0.518097,4.72013,-0.682814,-0.694581,3.399081,2.113007,-0.086344,1.025148,-1.920638,0.310551,1.483401,-1.657772,0.027923,1.365378,-1.737687,0.244904,1.034999,-1.946678
-0.116986,-0.151016,0.00155,0.981583,0.520288,0.199791,0.061366,0.158598,0.84977,0.829967,-0.143837,2.643482,-0.971994,-0.541675,3.856811,-4.484781,3.863421,4.373433,-3.207186,0.726667,2.318645,-1.514673,-0.090084,1.093879,-1.94591,0.296468,1.583678,-1.774376,0.128372,1.479087,-1.821074,0.263798,1.095283,-1.98606
-0.089458,-0.138035,0.012655,0.986298,0.415931,0.192403,0.208923,3.246291,0.661146,0.183286,-3.61777,2.399505,-1.236526,1.551688,0.674073,-6.994526,0.949789,1.946913,-7.76163,-2.566977,0.293293,0.790042,-0.184146,1.156266,-1.978059,0.336811,1.601204,-1.956234,0.153067,1.529707,-2.022876,0.197056,1.102909,-1.965519
-0.045421,-0.133582,0.013349,0.989906,0.237594,0.222318,0.24251,1.548495,0.535586,-0.725585,-4.194067,1.419697,0.284307,-1.432536,-0.87833,-4.042193,-5.768189,-3.996626,-11.334024,-4.799401,1.247521,1.329541,-0.293191,1.193178,-1.970667,0.299566,1.578367,-2.061331,0.003094,1.425794,-2.317561,0.072272,1.135345,-1.930951
-0.051744,-0.118989,0.006143,0.991527,0.195258,0.188454,0.306581,-1.014006,1.417225,0.267298,0.142291,-0.361029,0.699458,-0.211513,0.973118,0.368225,-6.461844,-9.12126,-5.84562,-0.656612,-0.757754,1.971815,-0.289492,1.183791,-1.952481,0.294066,1.603668,-2.051757,-0.164914,1.188642,-2.469547,0.0552,1.115643,-1.879683
-0.077399,-0.106493,0.015479,0.991176,0.175795,-0.04233,0.496989,-1.64688,0.382723,1.313996,0.501326,-0.705546,3.077028,0.230192,0.461454,-0.760894,-0.444751,-6.59011,1.627791,1.850617,-1.954869,2.287807,-0.276457,1.165447,-1.872479,0.300051,1.615666,-2.07154,-0.176478,1.017299,-2.427224,0.103316,1.064816,-1.8202
-0.079098,-0.108235,0.027335,0.990597,0.115665,-0.24924,0.610918,1.675011,-0.892006,0.272717,-1.288149,2.229852,3.366429,-0.832278,-0.939692,1.629629,2.958779,-1.51763,5.126755,0.75179,-0.79935,2.602194,-0.309949,1.223423,-1.784951,0.278412,1.591234,-2.02917,-0.099549,0.97784,-2.293929,0.122862,1.044033,-1.752543
-0.028514,-0.126531,0.030091,0.991096,0.045095,-0.386885,0.311844,4.558995,-1.815353,-0.707622,-1.667326,2.232634,4.185805,-3.526766,-2.901242,5.95651,2.338416,0.280654,4.839984,-5.035935,1.913249,2.60419,-0.3533,1.281472,-1.67612,0.186716,1.515802,-1.874301,-0.038751,0.985137,-2.168089,-0.008072,1.093778,-1.684834
0.004013,-0.153363,0.027869,0.987769,-0.014072,-0.390013,0.086316,1.59426,-1.984054,-0.292585,0.06342,2.398225,2.17895,-1.103083,-2.269019,5.328293,2.432709,0.759958,3.457793,-2.543614,3.340702,1.253492,-0.351651,1.343825,-1.619468,0.158036,1.456807,-1.735765,0.0245,1.004896,-2.078186,-0.074206,1.180636,-1.652244
0.006257,-0.170129,0.020811,0.985182,-0.000862,-0.325257,0.081149,-1.320532,-0.725381,-0.831437,0.918449,5.011467,-4.480661,4.893048,-5.276628,-1.82858,1.519319,1.552886,-0.653329,0.65234,4.82044,-0.518249,-0.327771,1.474124,-1.735965,0.285255,1.319615,-1.783308,0.064002,1.045271,-2.095173,-0.057245,1.305967,-1.665718
-0.014436,-0.175114,0.00518,0.984429,0.050798,-0.173497,0.041056,-2.213048,-0.092434,-0.869285,-0.900074,3.973444,-6.998149,0.91276,-2.529709,3.031509,2.521943,-0.103306,0.234568,1.043664,6.40554,-4.449053,-0.351173,1.577433,-1.917917,0.308987,1.253842,-1.704489,0.129573,1.042585,-2.089074,-0.03011,1.472511,-1.781393
-0.038938,-0.173699,-0.008166,0.983995,0.059788,0.008511,0.084569,-0.335111,-0.09645,-0.635914,-1.5095,2.971756,-4.062384,1.960475,-0.09305,1.535988,2.445311,-0.575217,0.684412,4.151496,3.640002,-9.129728,-0.39042,1.654699,-2.023539,0.359959,1.251423,-1.664553,0.193151,1.02763,-2.07128,0.077829,1.567152,-2.018766
-0.030453,-0.172973,-0.017062,0.984308,0.102884,0.063715,0.144749,1.052721,0.285186,-0.930353,-0.813811,-1.253421,-3.809417,-0.703594,0.153673,0.889462,-0.990948,-0.272229,0.345326,5.744619,-0.274686,-10.603177,-0.411579,1.62211,-2.122584,0.341666,1.255419,-1.641427,0.167386,1.020552,-2.062301,0.227189,1.56001,-2.294449
-0.013399,-0.162532,-0.026043,0.986269,0.190297,0.120878,0.166188,0.135708,1.189442,-0.658233,0.712315,-6.660415,-5.148616,-0.956961,-0.260794,0.869803,-2.298069,-1.669673,1.652833,-0.253219,-4.754393,-5.099753,-0.393059,1.448939,-2.256448,0.316785,1.248638,-1.618813,0.107636,0.97714,-2.019327,0.220606,1.436395,-2.427043
-0.002706,-0.149867,-0.029328,0.988267,0.279476,0.144927,0.142041,1.437054,0.640618,-0.099268,0.565307,-7.818091,-3.266607,-1.188155,-0.131731,0.617732,-1.554421,-1.356702,1.891848,-4.325535,-7.450914,0.018175,-0.378361,1.245669,-2.341379,0.285893,1.245213,-1.602751,0.067221,0.941866,-1.970139,0.108142,1.242672,-2.42657
-0.002489,-0.146171,-0.026913,0.98889,0.380247,0.167573,0.151126,-0.823457,0.207146,0.233424,1.561979,-5.487517,1.564061,-0.611471,0.376685,0.337011,-0.526916,0.41827,0.998371,1.087589,-6.961203,2.11545,-0.337749,1.102993,-2.300714,0.269995,1.255007,-1.593989,0.053521,0.952741,-1.944182,0.136419,1.06168,-2.371568
-0.019488,-0.144403,-0.027127,0.988955,0.478495,0.240674,0.095169,-1.382301,-0.035394,0.074397,0.456174,-2.865366,3.650394,0.752854,0.914864,0.302466,0.798666,0.894711,1.067181,2.931127,-4.411719,3.915311,-0.325889,1.028494,-2.205804,0.289569,1.278793,-1.586125,0.074287,0.976004,-1.916435,0.212628,0.946976,-2.26977
-0.031658,-0.146254,-0.02858,0.988327,0.571633,0.305619,0.050203,-0.470264,-0.397021,-0.006322,-0.361618,-1.84074,3.575394,0.0562,1.605306,0.095986,0.148431,1.661942,0.63877,1.604706,-2.960857,4.525819,-0.335291,0.980634,-2.112843,0.29103,1.320531,-1.583629,0.078146,1.019214,-1.899827,0.254351,0.869993,-2.152099
-0.034509,-0.153013,-0.027955,0.987226,0.689841,0.370676,-0.038827,-0.298463,-0.683744,0.18146,0.527105,-0.566216,2.822995,-0.312393,-0.552277,0.223009,-0.83185,2.841702,-0.24697,0.569756,-1.955763,6.741003,-0.321586,0.965913,-2.039446,0.282908,1.306172,-1.577831,0.056518,1.093098,-1.906248,0.269164,0.819144,-1.976833
-0.051825,-0.169764,-0.029211,0.983687,0.679957,0.33192,-0.183453,-1.105674,-2.040487,-0.226384,6.386545,2.739276,3.13801,-2.200658,4.072105,-1.947235,-1.06414,4.874713,-0.357995,0.51719,2.239804,5.722702,-0.155536,1.037134,-1.957857,0.225691,1.412047,-1.628459,0.02885,1.219841,-1.915556,0.282611,0.877379,-1.828043
-0.041786,-0.182547,-0.024533,0.982002,0.644898,0.280677,-0.140892,3.066844,0.083676,0.485747,6.987547,3.59632,5.740487,-0.408596,4.838252,-4.55085,-2.775499,5.85383,-1.127666,-1.768914,4.686467,-2.33597,0.02614,1.130638,-1.808605,0.215067,1.537841,-1.746781,-0.043313,1.37204,-1.944875,0.236619,0.999227,-1.888778
0.008277,-0.16868,-0.008343,0.985601,0.497615,0.07886,0.198027,3.064503,1.113725,0.343673,-0.821302,3.318038,0.508891,4.580014,2.457637,-6.02176,-0.649513,4.566624,-4.776293,-4.692601,1.016586,-0.495295,0.004786,1.216907,-1.795373,0.334148,1.60174,-1.903347,-0.0602,1.490773,-2.069059,0.114612,1.025658,-1.901655
0.017023,-0.16021,-0.002085,0.986934,0.48286,-0.021511,0.123624,-1.645652,0.387247,0.612139,-1.50525,1.568772,0.214643,-0.195833,-3.634337,-6.929693,5.767772,-1.1187,-8.610697,-1.105306,1.072773,0.487584,-0.03435,1.257695,-1.789793,0.329056,1.507247,-2.083519,0.089762,1.461687,-2.292937,0.085874,1.05355,-1.888978
-0.019184,-0.154758,0.004231,0.987757,0.461846,0.059393,0.130249,-3.034354,0.666323,1.252751,2.480478,0.516036,2.06007,-2.758438,-8.944932,-6.01078,-1.342771,-6.212774,-3.847481,3.562208,0.556692,0.8097,0.030142,1.271112,-1.736231,0.257336,1.274679,-2.239799,0.05485,1.300154,-2.392972,0.178491,1.068024,-1.867926
-0.027318,-0.138517,0.022674,0.989724,0.509831,0.196574,0.153108,2.118699,1.672081,1.61506,0.021557,0.884509,0.63926,-0.236625,-6.58972,-2.943607,-7.957823,-5.264862,-0.050809,1.620164,-1.879209,2.549037,0.030703,1.29411,-1.71961,0.251184,1.103346,-2.316333,-0.152053,1.163268,-2.394293,0.220616,1.019165,-1.801651
0.006727,-0.117372,0.0434,0.992116,0.550618,0.180727,0.133435,3.2604,1.292719,0.891858,-3.595689,1.117589,0.072913,1.514378,-3.33555,1.650662,-2.851217,-4.104516,4.501868,-3.516886,-1.324252,2.625055,-0.062785,1.323167,-1.717714,0.290558,1.016622,-2.273416,-0.226185,1.056551,-2.277244,0.129176,0.984734,-1.7334
0.032441,-0.107319,0.051846,0.992342,0.570075,0.159076,0.064364,2.804381,0.34063,-0.036886,1.571712,1.290602,-1.963009,1.083219,-1.311809,5.342098,2.959172,-4.354769,9.319958,-3.005774,1.67345,1.333409,-0.021921,1.356723,-1.768753,0.318722,0.982515,-2.134521,-0.149247,0.943327,-2.034925,0.051026,1.028244,-1.698731
0.050661,-0.108983,0.045937,0.991688,0.563639,0.161286,0.113961,-1.354872,-0.321222,-1.340021,0.088377,1.611622,-0.167801,-0.715187,-0.019742,3.790539,2.246707,-1.93857,5.394479,-2.395407,3.297675,-0.229142,-0.019623,1.398625,-1.773115,0.300127,0.982002,-2.035967,-0.090832,0.892924,-1.894669,-0.011254,1.113983,-1.704689
0.022559,-0.115609,0.017344,0.992887,0.560181,0.244344,-0.223443,-3.016711,-1.047362,-1.870663,4.292843,0.543379,1.802052,-3.54481,1.915252,0.436939,-0.189036,1.39625,2.93441,-0.090041,4.852638,-0.58655,0.091991,1.412753,-1.726262,0.207962,1.031798,-2.024607,-0.095747,0.929226,-1.818374,-0.013595,1.240152,-1.719939
0.034209,-0.118045,0.002708,0.992415,0.356358,0.20311,-0.207737,2.154326,0.002061,-0.710338,-5.206024,3.100712,0.107303,-1.63135,4.128824,-1.347336,-3.185134,-0.501654,4.018885,-2.314098,5.305437,-2.722131,-0.043366,1.493371,-1.723472,0.165547,1.139148,-2.059638,-0.178561,0.916183,-1.713883,-0.073762,1.378093,-1.790714
0.038931,-0.116537,-0.003608,0.992417,0.23882,-0.036179,0.1175,0.576147,-0.786927,-0.013342,-8.316779,5.147535,-9.134743,-0.709854,3.387647,-2.285593,-0.859748,2.030617,-1.906064,7.327911,3.972888,-3.646019,-0.259602,1.627207,-1.960976,0.14709,1.227226,-2.119063,-0.200914,0.968979,-1.763441,0.116764,1.481388,-1.885511
0.024248,-0.129301,-0.003846,0.991301,0.167226,-0.214008,0.342746,-3.547094,-0.850432,0.082895,-2.649351,-0.758137,-12.531819,0.592536,1.875824,0.201114,0.728273,2.446432,-0.809054,7.606126,1.701604,-4.434337,-0.328485,1.607495,-2.286803,0.162496,1.275998,-2.113834,-0.181979,1.032587,-1.784476,0.314523,1.52563,-2.000804
-0.016146,-0.142519,-0.006661,0.989638,0.120849,-0.152852,0.354592,-2.60221,-1.519934,0.367319,-2.224471,-5.607161,-7.25163,3.621183,0.500058,2.039947,4.001782,1.706656,0.622702,-3.736557,-2.303871,-8.054611,-0.386321,1.461709,-2.475345,0.256647,1.288999,-2.060796,-0.077933,1.07696,-1.768286,0.217373,1.465729,-2.210224
-0.040354,-0.165935,-0.005937,0.985293,0.101738,-0.103662,0.262319,-1.05801,-1.822762,0.143769,-0.399141,-7.405458,0.050429,2.100758,-0.231431,3.599563,2.903967,2.912128,0.002078,-4.519791,-6.616989,-6.414975,-0.396699,1.269167,-2.474034,0.311267,1.282982,-1.967207,-0.00243,1.152675,-1.768232,0.099858,1.293688,-2.377013
-0.06605,-0.185894,-0.008867,0.980307,0.108803,-0.034329,0.247566,-2.139208,-1.185745,-0.104582,1.317625,-5.402402,4.719896,2.1528,6.4e-05,2.811093,2.589992,2.247866,0.185483,2.825862,-5.527751,-0.464482,-0.362441,1.128705,-2.351317,0.36724,1.282984,-1.894119,0.06491,1.211119,-1.763409,0.17333,1.149966,-2.389089
-0.082331,-0.195995,-0.0135,0.977049,0.177298,0.050719,0.166495,-0.767262,-0.554316,-0.200383,-0.106348,-2.415639,6.969282,1.433032,-0.11126,2.197051,1.489775,0.786193,0.928236,2.634736,-2.818712,3.178278,-0.365206,1.065898,-2.170115,0.404498,1.280091,-1.836995,0.103644,1.23156,-1.739275,0.241834,1.07668,-2.306454
-0.085005,-0.202699,-0.016111,0.975412,0.223715,0.077798,0.084326,-0.019678,-0.517001,-0.244029,0.376349,-0.437172,6.868082,-1.008237,0.978638,0.795041,0.039124,0.661913,0.812403,0.398554,-0.923075,4.297525,-0.355421,1.054532,-1.991545,0.378284,1.305536,-1.816324,0.104662,1.24877,-1.718153,0.252196,1.05268,-2.194719
-0.073823,-0.204564,-0.013843,0.975967,0.286153,0.047665,0.050607,1.438834,0.146013,0.29654,-0.080624,0.816949,4.161659,-2.884672,2.865217,-0.938449,-1.16763,0.656416,0.502224,-1.19924,0.881994,0.753723,-0.357517,1.075772,-1.883342,0.303283,1.380031,-1.840724,0.074303,1.265837,-1.705095,0.221016,1.075612,-2.175122
-0.040601,-0.202399,0.000401,0.978461,0.272457,-0.030197,0.050937,3.913507,0.366647,0.719685,0.009599,1.724253,5.317985,-2.436437,3.626838,1.845129,-2.508169,2.535981,0.097696,-2.630895,0.287783,0.753017,-0.357267,1.120603,-1.745075,0.239935,1.474329,-1.79275,0.009091,1.331773,-1.702555,0.152612,1.083094,-2.155543
0.018692,-0.194504,0.020811,0.980503,0.241628,-0.150614,0.13455,4.323949,0.944813,0.218069,2.232288,2.750682,2.487024,-2.555701,4.450459,-3.404851,-4.540356,4.711752,-1.486131,-4.313875,-0.695577,1.787332,-0.299228,1.192121,-1.680412,0.173487,1.590041,-1.881277,-0.108958,1.454278,-1.741194,0.040452,1.065009,-2.109073
0.028418,-0.188694,0.020971,0.981401,0.193634,-0.285812,0.241409,-0.982076,0.262102,-0.535964,-0.488627,1.137586,-0.992331,3.062768,1.875377,-6.644645,-2.270016,3.958225,-7.703174,-0.415511,0.386978,0.917446,-0.311932,1.221698,-1.706213,0.253119,1.638801,-2.054037,-0.167979,1.557192,-1.941477,0.029648,1.07507,-2.085219
0.004764,-0.182105,0.009584,0.983221,0.286157,-0.321155,0.194174,-2.037748,0.742794,-0.16571,3.089276,0.081919,0.022335,4.032522,-2.724614,-8.371559,-2.250491,-1.765871,-12.233556,2.426612,0.25997,1.302686,-0.231611,1.223828,-1.705632,0.357965,1.567961,-2.271698,-0.226492,1.511279,-2.259549,0.09274,1.08183,-2.051349
0.001542,-0.168116,0.008874,0.985726,0.36013,-0.298135,0.135151,0.819467,1.327053,-0.212864,-1.317211,-0.154141,1.484871,0.694184,-6.647417,-4.770825,-1.73135,-6.627064,-6.408659,1.402477,-1.41487,2.990627,-0.265858,1.21982,-1.667025,0.376014,1.395128,-2.395739,-0.271507,1.338976,-2.426174,0.129205,1.045043,-1.973593
0.019444,-0.153178,0.004512,0.987997,0.414112,-0.234492,0.152397,2.28846,1.079365,-0.919941,-3.085408,0.389845,1.662798,-0.612402,-6.818851,-0.837941,2.488648,-6.073147,2.326013,-0.724941,-0.765856,2.670206,-0.346079,1.229956,-1.623792,0.360091,1.217838,-2.417526,-0.206802,1.181074,-2.365698,0.110356,1.025131,-1.904168
0.052939,-0.145859,-0.004076,0.987879,0.462814,-0.214177,0.211106,2.010291,-0.00221,-0.922371,-1.5506,1.454054,-1.484771,-0.770195,-5.083232,3.059652,2.938041,-5.124932,4.927307,-2.480563,0.67962,1.821534,-0.386394,1.267762,-1.662397,0.340066,1.085674,-2.337975,-0.130413,1.047826,-2.237588,0.045862,1.042801,-1.856808
0.073726,-0.151404,-0.009355,0.985674,0.507224,-0.278108,0.181556,0.836431,-0.742603,-0.245139,-0.746966,1.291072,0.546952,-0.122043,-3.288321,5.060724,-0.538044,-3.978925,4.097538,-1.380082,2.051888,0.99588,-0.405816,1.30133,-1.648176,0.336893,1.000177,-2.206396,-0.144402,0.944374,-2.131052,0.00998,1.09615,-1.830915
0.067153,-0.159788,-0.007908,0.984833,0.55462,-0.27599,0.052325,-1.240295,-0.460329,0.69406,1.420134,1.098711,2.117732,0.265118,-0.504861,4.426895,-1.727672,-1.047581,3.470071,1.56106,1.990517,0.929498,-0.368892,1.329896,-1.593115,0.343786,0.987051,-2.091297,-0.189321,0.917136,-2.04083,0.050567,1.147903,-1.806748
0.062284,-0.164865,0.00118,0.984347,0.570485,-0.222463,0.004527,0.564184,-0.399142,0.601725,2.23655,2.524738,1.081595,-3.112706,1.781648,2.716527,-1.856907,1.301589,5.606856,0.599509,2.297211,-0.023264,-0.310742,1.395539,-1.564993,0.262856,1.033374,-2.020667,-0.237601,0.950978,-1.895052,0.066154,1.207631,-1.807353
0.065396,-0.160559,0.000407,0.984857,0.614412,-0.207162,-0.075385,-1.64128,1.062833,-0.575831,0.689017,3.318884,-1.540859,-3.934451,2.831184,1.259459,0.546742,2.09825,0.067673,-4.202697,4.298453,-2.261408,-0.292827,1.48183,-1.605056,0.16056,1.106985,-1.987921,-0.223386,1.005532,-1.893292,-0.043116,1.319391,-1.866149
0.021601,-0.144121,-0.01467,0.989216,0.573059,-0.126624,-0.122774,-4.669797,1.284591,-0.614376,-0.013592,3.725748,-5.102954,-2.65346,1.459491,6.057404,4.040453,-0.117589,1.20957,-1.916282,5.11918,-1.337167,-0.293181,1.5787,-1.737732,0.09157,1.144931,-1.830429,-0.118334,1.002475,-1.861844,-0.092939,1.452489,-1.900916
-0.014501,-0.121403,-0.026516,0.992143,0.530314,-0.105985,-0.003,-0.299365,1.182071,-0.267693,-2.06991,1.945441,-10.487416,0.159591,1.705918,0.976167,3.090568,-0.259582,1.122147,-3.283754,3.153553,-4.161802,-0.346998,1.629281,-2.010405,0.095719,1.189285,-1.805048,-0.037979,0.995726,-1.832668,-0.178317,1.534482,-2.009123
-0.013687,-0.114948,-0.024968,0.992963,0.50189,-0.103679,0.148723,0.356214,0.253379,0.370061,0.052225,-4.630591,-10.341567,0.341877,1.715543,-0.313659,0.389158,1.792086,-0.380364,1.249618,-3.102728,-6.988265,-0.345641,1.508886,-2.279286,0.104608,1.233889,-1.813203,-0.027861,1.04232,-1.842557,-0.145827,1.453811,-2.190818
-0.00828,-0.108863,-0.019079,0.993839,0.505126,-0.122434,0.159699,0.189486,0.636857,0.415668,-0.66216,-7.62515,-5.420353,-0.183541,0.865757,0.653392,0.30283,1.482234,0.435621,2.710079,-6.068972,-5.628029,-0.362857,1.310632,-2.420215,0.099836,1.256399,-1.796215,-0.019987,1.080858,-1.831231,-0.075365,1.296017,-2.337146
-0.01273,-0.098968,-0.012786,0.994927,0.532705,-0.138731,0.082586,-0.535794,0.924502,0.606926,0.545889,-6.4083,0.41892,0.655504,0.449953,0.759226,1.28934,0.506734,1.570133,0.797279,-6.559226,-1.586713,-0.348664,1.144016,-2.409323,0.116879,1.268098,-1.776475,0.013535,1.094033,-1.790408,-0.054635,1.125478,-2.378401
-0.02813,-0.087947,-0.00326,0.995723,0.583044,-0.162941,0.097331,-0.673942,0.730569,0.958748,0.567547,-4.031293,3.665893,1.528234,0.674706,0.094983,2.45439,0.457244,1.622531,4.823688,-6.610944,2.564849,-0.333907,1.039202,-2.31401,0.156613,1.28564,-1.774006,0.07735,1.105922,-1.748222,0.070781,0.953593,-2.311715
-0.041356,-0.078193,0.004806,0.996068,0.6806,-0.210401,0.043325,-1.080132,0.71542,0.344251,0.081863,-4.087849,4.484788,1.486072,0.722942,0.414483,2.177583,0.463127,1.680269,6.153237,-4.824118,4.038328,-0.331779,0.932918,-2.197405,0.195251,1.304437,-1.763229,0.133967,1.117963,-1.704535,0.230765,0.828166,-2.206718
-0.054067,-0.06725,0.002462,0.996267,0.6795,-0.239211,-0.051998,-1.146173,1.166037,-0.465397,0.640222,-1.210416,3.727083,1.922707,1.152951,1.509908,1.519344,-0.075336,2.196157,1.961059,-2.206192,3.931079,-0.315133,0.901448,-2.100501,0.245241,1.334413,-1.723972,0.17347,1.116004,-1.647435,0.281752,0.770805,-2.10451
-0.066912,-0.054285,-0.008075,0.996248,0.685834,-0.300053,-0.136254,0.833277,1.418787,-0.393316,4.073406,3.386411,2.867908,1.104911,3.535262,1.721546,1.104446,0.822843,0.577809,-0.083247,0.477777,3.407873,-0.209225,0.989494,-2.025936,0.273969,1.42633,-1.679211,0.202185,1.137398,-1.632412,0.279588,0.783227,-2.015905
-0.035963,-0.029289,-0.00718,0.998898,0.759177,-0.297569,0.047733,5.052187,2.062758,-0.236829,6.294245,4.022688,5.888122,-0.258354,5.085129,-7.506575,0.98371,4.94958,-2.43969,-1.598635,0.365087,1.644059,-0.045574,1.094084,-1.872845,0.267252,1.558544,-1.874382,0.227762,1.266087,-1.695844,0.238023,0.792719,-1.97316
-0.002381,-0.014478,-0.016452,0.999757,0.684258,-0.200554,0.30461,2.370582,0.548668,-1.076247,-1.079957,3.271092,-2.89107,2.354782,2.59034,-11.07931,0.825695,7.107581,-5.296358,-2.003665,2.133174,0.965063,-0.073653,1.179132,-1.948012,0.328476,1.625892,-2.162444,0.24923,1.450884,-1.833549,0.185928,0.848182,-1.948068
0.054855,-0.010179,-0.025171,0.998125,0.713029,-0.071987,0.312166,5.232768,0.561745,0.04374,-3.12574,2.473875,-0.360105,1.235233,-7.519672,-7.972923,-2.914919,1.629759,-12.03664,-4.262822,1.607894,2.778402,-0.154922,1.243453,-1.957375,0.360592,1.430381,-2.36974,0.173442,1.493258,-2.146502,0.075095,0.889987,-1.87583
0.085452,-0.018278,-0.018271,0.996007,0.652813,-0.047186,0.323832,0.691134,-1.402878,0.847284,-2.163999,1.717204,2.87038,1.421826,-7.721483,-1.951703,-4.144857,-4.075371,-10.36802,2.201742,-2.99072,3.766795,-0.211186,1.288101,-1.882745,0.39756,1.229622,-2.420485,0.065676,1.387298,-2.41607,0.13234,0.812228,-1.777893
0.081111,-0.0379,-0.00982,0.995936,0.633482,-0.095181,0.198709,-1.239811,-1.464985,0.577653,0.424423,0.815836,5.023125,0.497336,-9.957272,3.013413,-3.36616,-9.826873,-2.968489,4.412596,-1.281677,1.544981,-0.200151,1.309312,-1.752144,0.410491,0.970733,-2.342136,-0.021845,1.1318,-2.493251,0.247067,0.778905,-1.737724
0.033059,-0.056841,-0.010395,0.997782,0.621094,-0.07153,-0.046893,-4.989497,-1.513684,-0.151534,5.536368,0.288529,4.55339,-0.420083,-9.453572,4.628498,3.101292,-8.880879,3.815083,3.150355,3.266214,1.103093,-0.056206,1.316814,-1.633756,0.399568,0.72494,-2.221795,0.058789,0.900897,-2.394059,0.328977,0.863826,-1.709043
-0.01613,-0.073756,-0.019708,0.996951,0.634929,-0.024363,-0.284625,-2.054659,-0.84044,-0.573108,5.790122,-0.461933,1.455722,-2.482282,-4.373926,5.810313,1.575637,-3.922957,8.448805,2.67188,5.251358,-1.248325,0.094337,1.304804,-1.595907,0.335029,0.611218,-2.070727,0.099756,0.7989,-2.17439,0.398446,1.000362,-1.7415
-0.020203,-0.073381,-0.030344,0.996637,0.62625,0.132369,-0.44013,-0.365828,0.722421,-0.988384,0.419362,0.71005,-2.502018,-1.216435,1.203455,2.307733,-1.926494,-0.356039,8.132661,-1.003077,3.209365,-3.046443,0.105241,1.323265,-1.66096,0.303402,0.642508,-2.010726,0.049667,0.789643,-1.962941,0.372366,1.083805,-1.820707
0.003603,-0.050784,-0.046293,0.99763,0.681193,0.205302,-0.331498,1.5904,2.326439,-1.468312,-5.21233,-0.191753,-5.920634,0.236074,2.561839,0.582024,-2.984559,0.288093,-1.26144,-4.029424,1.529498,-3.480111,-0.03028,1.318279,-1.814896,0.30954,0.709116,-1.995593,-0.027932,0.797133,-1.995738,0.267601,1.123572,-1.91119
0.035968,-0.027291,-0.063267,0.996975,0.752491,0.284798,-0.373573,1.538721,1.35367,-1.159745,-6.133682,3.790952,-6.512664,-4.761673,-0.856962,6.964403,-4.244292,0.036496,-0.547364,-2.876124,1.512439,-0.308227,-0.189756,1.416844,-1.984225,0.185736,0.686835,-1.814519,-0.138283,0.798082,-2.00997,0.192821,1.162896,-1.919204
0.014146,-0.002893,-0.072036,0.997298,0.650631,0.32753,-0.080548,-2.584405,2.232618,-0.021864,-0.696307,1.440187,-6.746802,-5.584536,-0.03175,2.632521,0.142342,0.701219,0.555601,0.746245,0.572158,-0.911533,-0.207859,1.454289,-2.159642,0.040538,0.68601,-1.746073,-0.134582,0.816314,-1.995524,0.212224,1.177772,-1.942904
-0.008807,0.014233,-0.060354,0.998037,0.484946,0.233106,0.029266,-1.653523,0.702326,1.588919,-1.063341,-3.500395,-7.349283,0.023647,3.23535,-5.400128,1.132824,2.250572,0.460324,0.438673,-0.52153,-3.386975,-0.235506,1.363279,-2.350723,0.041153,0.770129,-1.886477,-0.105129,0.874829,-1.983555,0.223629,1.164212,-2.030965
-0.047644,0.028962,-0.034806,0.997838,0.454588,0.24127,0.100777,-4.593299,1.442404,1.773106,-1.187508,-5.427556,-0.54215,0.452311,1.706046,-3.462691,3.685733,1.360681,1.530041,2.047922,-2.687749,-8.235055,-0.266382,1.222162,-2.364819,0.052913,0.814486,-1.976506,-0.0093,0.910206,-1.943774,0.276875,1.09433,-2.245077
-0.080113,0.041577,-0.012375,0.995841,0.506033,0.31191,0.003611,-0.674759,0.130699,1.77909,-0.866415,-4.781642,-2.113798,0.515084,1.077976,-2.2979,3.849414,-0.388392,1.586491,0.00507,-6.480039,-5.922718,-0.288908,1.09784,-2.419778,0.066305,0.842513,-2.036252,0.090785,0.900108,-1.902526,0.277007,0.925849,-2.399067
-0.056222,0.035578,0.007185,0.997758,0.608443,0.229907,-0.120832,3.150127,-1.655918,1.229289,-0.356956,-5.590184,0.607286,-4.245685,1.684614,0.344397,-4.414698,-0.092323,-0.893138,-0.493022,-5.447708,-0.925582,-0.298189,0.952495,-2.403989,-0.044083,0.886313,-2.027298,-0.023997,0.897708,-1.925747,0.264188,0.784209,-2.423132
-0.021026,0.008805,0.021931,0.9995,0.602074,0.097739,-0.242674,1.888646,-2.22449,0.967184,0.45792,-4.166836,3.555012,-4.299763,3.215153,2.051858,-5.891513,-2.45308,-2.085302,1.637625,-2.475368,2.406811,-0.286283,0.844157,-2.311558,-0.155876,0.969907,-1.973949,-0.177177,0.833928,-1.979965,0.306767,0.719849,-2.360555
-0.005815,-0.017191,0.032002,0.999323,0.411644,-0.006826,-0.315567,0.135597,-1.838413,0.498369,0.292177,-4.303037,4.836939,-1.910558,3.767297,1.271343,0.158266,-0.639095,-1.588125,-2.667623,-1.302673,4.339111,-0.278687,0.732278,-2.185798,-0.205551,1.067857,-1.940894,-0.173062,0.817311,-2.021256,0.237408,0.68598,-2.247738
-0.020473,-0.035058,0.030391,0.998713,0.290348,-0.073207,-0.429479,-2.117648,-0.660884,-0.762223,0.421881,-4.275996,4.630216,0.998025,3.801469,-0.500754,1.092653,3.408269,-2.585039,-3.707912,-1.869042,4.219934,-0.267718,0.621102,-2.065412,-0.179602,1.166695,-1.953914,-0.144653,0.905926,-2.088467,0.141003,0.637385,-2.13802
-0.04489,-0.04309,0.01838,0.997893,0.341469,-0.121917,-0.349985,-0.738701,-0.036159,-0.439785,-1.170228,0.243857,4.878706,3.904636,2.909354,-1.675591,-0.274773,2.254935,-1.217749,0.123695,1.170827,-1.370877,-0.298144,0.627443,-1.938566,-0.078082,1.242338,-1.997479,-0.151797,0.964555,-2.120129,0.144219,0.667826,-2.173663
-0.036765,-0.044362,0.016928,0.998195,0.393833,-0.157178,-0.389419,2.002906,-0.553501,-0.334224,2.404283,5.84887,1.962903,1.09418,1.55876,-3.851421,-1.687877,5.142323,-2.275423,-0.052724,2.032117,-2.51735,-0.235632,0.779513,-1.88753,-0.049633,1.282866,-2.097616,-0.195682,1.098255,-2.17929,0.142848,0.720661,-2.239114
0.008774,-0.04234,0.012094,0.998992,0.462628,-0.177411,-0.310694,3.976191,0.872311,-0.669422,4.456573,3.569113,2.111029,-3.379742,2.639631,-6.105835,-2.153585,3.935626,-3.987149,-3.130899,2.633022,-1.696712,-0.119761,0.87231,-1.832644,-0.137506,1.351496,-2.256368,-0.251675,1.200581,-2.282956,0.061445,0.78912,-2.283228
0.034438,-0.027236,0.00515,0.999022,0.396516,-0.093989,-0.073041,0.671699,0.471715,-0.372012,0.154774,2.079891,-3.255058,2.04862,1.114482,-0.796431,3.463893,1.060547,-4.681962,-1.301578,2.405715,-1.12286,-0.115737,0.926387,-1.917275,-0.084242,1.380473,-2.277075,-0.161614,1.228156,-2.404687,0.027604,0.851669,-2.312423
0.020337,-0.027293,0.003403,0.999415,0.347092,-0.120064,0.028735,-1.406935,-0.483755,-0.011329,1.677724,2.399633,-1.282614,7.062782,-5.23461,2.288778,6.813621,-2.222847,-4.597226,1.894913,3.060504,-1.535525,-0.072117,0.988778,-1.950623,0.09939,1.244373,-2.217567,0.015541,1.170362,-2.524215,0.076871,0.931242,-2.352347
-0.002173,-0.039106,0.001948,0.999231,0.314887,-0.207702,0.098943,-2.363599,-1.235696,0.012199,2.08215,1.482255,1.425525,6.817568,-6.260816,2.84791,1.168568,-6.690015,-0.652981,2.230306,3.459709,-1.440925,-0.017981,1.027316,-1.91356,0.276647,1.081592,-2.143521,0.045923,0.996421,-2.541192,0.134859,1.021194,-2.389811
-0.006842,-0.049872,0.004634,0.998721,0.28971,-0.259541,0.152395,1.222042,-0.007524,-0.009529,1.39019,1.801494,0.965432,-1.252769,-4.442892,0.170728,-2.097803,-3.647192,2.538963,1.76197,2.701195,-0.099535,0.018164,1.074155,-1.888458,0.244075,0.966077,-2.139082,-0.00862,0.901594,-2.475179,0.18067,1.091425,-2.392398
0.006234,-0.04206,-0.001033,0.999095,0.398388,-0.188701,0.17375,0.51648,1.060503,-0.715718,0.282077,0.846486,-0.828171,-3.036369,-3.089105,0.780456,-0.11653,0.208793,2.56637,-0.28593,0.882472,1.634763,0.025498,1.096164,-1.909991,0.165129,0.88576,-2.118791,-0.011649,0.907023,-2.408453,0.173236,1.114369,-2.349895
0.014714,-0.025525,-0.013212,0.999479,0.500967,-0.044429,0.056243,0.546758,1.359859,-1.212747,0.647109,1.519538,-1.320378,-2.89233,-1.163335,1.88682,-0.169923,-0.213606,1.595542,0.260971,0.342498,3.009586,0.042323,1.135672,-1.944321,0.089929,0.855513,-2.069733,-0.016067,0.901469,-2.366969,0.180022,1.123274,-2.271645
0.021478,-0.005631,-0.032786,0.999216,0.621409,0.008571,-0.076406,0.378821,1.581652,-1.727593,-0.420712,2.350873,-1.234946,-2.642887,-0.645918,1.743348,-1.332418,-0.523383,2.03031,2.260913,2.416705,3.990058,0.031385,1.196795,-1.976429,0.021214,0.838719,-2.024406,-0.05071,0.887861,-2.314181,0.238805,1.186109,-2.167904
0.013596,0.016765,-0.05294,0.998364,0.754342,0.07358,-0.230929,-1.522927,1.7476,-1.309082,2.264224,1.711528,-1.717753,-0.362702,-0.783165,0.813837,-0.796725,-0.403131,2.211173,1.718951,1.414351,2.39376,0.090254,1.241294,-2.021091,0.011783,0.818357,-2.003246,-0.071425,0.87738,-2.256691,0.283498,1.222882,-2.105666
-0.015603,0.041062,-0.063706,0.997002,0.761733,0.21151,-0.285696,-3.361315,1.938782,-0.509114,1.988387,3.852951,-3.092642,0.75429,-0.584143,3.012085,1.225862,0.786568,1.647935,0.015257,-0.317707,-1.993283,0.141953,1.341471,-2.101499,0.031395,0.803169,-1.924932,-0.039553,0.89783,-2.213844,0.283895,1.214621,-2.157491
-0.046947,0.07544,-0.061444,0.994148,0.642424,0.208385,-0.040606,-1.75535,2.422889,0.884544,-6.364122,2.396131,-3.584973,0.592701,2.017074,-2.825305,1.688371,0.884465,1.897585,-1.051091,-1.708164,-5.918631,-0.023515,1.40377,-2.194709,0.046805,0.855613,-1.99839,0.004345,0.920826,-2.164507,0.256566,1.170209,-2.311376
-0.048485,0.102715,-0.041929,0.992643,0.58104,0.149855,0.151578,0.172015,1.415217,1.916957,-8.491208,-1.312525,-1.536263,-1.980719,1.858074,-3.757688,0.804086,1.805093,1.398447,-0.001951,-3.140031,-6.262067,-0.244286,1.369645,-2.234652,-0.004693,0.903923,-2.09609,0.025251,0.967759,-2.128148,0.256516,1.088568,-2.47419
-0.033747,0.112436,-0.01768,0.992928,0.585021,0.088617,0.152626,1.711484,-0.165867,1.946929,-4.038192,-4.377808,-1.819483,-3.156646,0.844223,-0.293142,0.19282,0.992536,-0.423681,1.160044,-5.384821,-2.396732,-0.349279,1.255822,-2.281958,-0.086766,0.925873,-2.103712,0.030265,0.993565,-2.139163,0.286677,0.948563,-2.536505
-0.001907,0.102771,0.002127,0.994701,0.475306,-0.00328,0.126512,2.235023,-0.858668,1.387138,-0.219472,-6.622321,-1.280628,-3.687159,1.370063,2.435793,-1.308348,-0.299313,-0.427969,0.538347,-6.18307,1.120685,-0.354985,1.083641,-2.315254,-0.182632,0.961495,-2.040381,-0.003753,0.985783,-2.150291,0.300674,0.787803,-2.507367
0.006456,0.104396,0.00644,0.994494,0.4473,-0.09938,0.027227,-0.311534,0.703271,-0.324062,0.88149,-7.624736,1.685591,-0.670912,1.012749,1.489284,-0.240106,2.083447,0.804644,-0.354093,-4.129338,3.570755,-0.332067,0.885398,-2.271429,-0.200076,0.987826,-2.00166,-0.009995,1.039952,-2.12937,0.291467,0.68044,-2.414527
-0.007878,0.113313,-0.001276,0.993527,0.511484,-0.12838,-0.133728,-1.398211,0.5525,-0.947546,0.844739,-6.414067,5.081495,1.809386,1.192262,0.263289,0.757071,-0.070863,1.875771,0.303683,-1.001474,4.909102,-0.310103,0.718633,-2.13931,-0.153032,1.018825,-1.994814,0.009689,1.03811,-2.0806,0.299363,0.654402,-2.286891
-0.019588,0.114384,-0.009536,0.993198,0.481923,-0.093634,-0.308384,0.183156,-0.195689,-0.399275,1.249816,0.10586,4.41014,1.805484,2.021474,0.486402,2.084548,3.383418,0.35729,-0.555618,1.250653,4.663775,-0.277608,0.721385,-2.024647,-0.106089,1.071383,-1.982168,0.063887,1.126079,-2.07131,0.284917,0.686919,-2.165632
-0.008424,0.109583,-0.013888,0.993845,0.487096,-0.088188,-0.406526,0.87434,-0.61058,-0.195991,2.492686,3.700547,3.541773,-1.359562,0.770192,0.140696,1.928488,5.150368,-0.465254,-1.347106,1.258524,2.984773,-0.212798,0.817599,-1.93256,-0.141438,1.091408,-1.97851,0.114028,1.259988,-2.083407,0.249892,0.719641,-2.088028
0.010097,0.107012,-0.019162,0.994022,0.401926,-0.018387,-0.257861,1.47048,0.171189,-0.593316,3.384015,1.685017,3.056823,-1.477222,2.224617,-0.672427,0.237857,4.920068,-2.299652,-4.85474,-0.298066,1.193148,-0.124814,0.86141,-1.853083,-0.179846,1.149248,-1.995993,0.120212,1.38791,-2.143198,0.123669,0.711891,-2.057006
0.004229,0.096045,-0.024252,0.995073,0.341794,0.006647,-0.274517,0.737836,-0.737829,0.054558,0.817765,3.140844,-1.292921,0.744984,3.252537,-0.028225,2.048099,4.200801,-3.339923,-2.100809,2.477047,-1.808413,-0.103552,0.943072,-1.886699,-0.160476,1.233814,-1.996727,0.173462,1.497131,-2.230036,0.069048,0.776294,-2.104025
0.001294,0.092311,-0.019295,0.995542,0.347833,0.048716,-0.178584,-0.392735,-0.163189,0.705597,0.012154,2.324161,-0.489777,7.352019,1.427943,-1.33354,-0.359579,0.817521,-5.362748,0.642158,2.459046,-1.635915,-0.103236,1.0035,-1.899433,0.030676,1.270941,-2.031399,0.164113,1.518386,-2.369467,0.085744,0.840229,-2.146559
0.001922,0.0877,-0.004568,0.996135,0.323296,0.08132,-0.053641,-1.116833,-0.925651,1.09419,-0.829046,2.409334,0.255637,9.289157,-0.887218,-4.170945,-6.502131,-3.410652,-4.4509,0.30997,1.694226,-1.375972,-0.124791,1.066142,-1.892787,0.272194,1.247873,-2.139843,-0.004942,1.429709,-2.485191,0.093803,0.884279,-2.182334
-0.003575,0.077301,0.007662,0.996972,0.351531,0.169952,0.010126,-0.08029,-0.566296,0.669438,-0.072805,1.691665,1.62062,-0.143783,-6.996566,-5.797771,-6.31247,-6.81243,0.002045,0.475983,2.205501,-1.36971,-0.126684,1.110126,-1.850651,0.268456,1.065962,-2.290585,-0.169066,1.252586,-2.485137,0.106179,0.941622,-2.217947
0.00047,0.075031,0.011105,0.997119,0.410907,0.168993,-0.014052,0.897436,0.16333,-0.028563,-0.847477,0.852737,1.237411,-1.670337,-7.739918,-1.352038,-1.597728,-6.185695,5.042235,-0.855844,1.871573,-0.418084,-0.148719,1.132297,-1.818478,0.225027,0.864725,-2.325738,-0.210607,1.091758,-2.354039,0.083927,0.990283,-2.228817
0.016482,0.078107,0.006088,0.99679,0.40862,0.06654,-0.185889,1.977389,0.412741,-0.306707,1.202489,1.073788,-1.655465,-3.006378,-1.104428,5.095809,3.190119,-3.424706,5.137795,-2.535462,1.914799,0.194462,-0.117454,1.160215,-1.86152,0.146861,0.836009,-2.193247,-0.127664,1.002716,-2.220457,0.018005,1.040068,-2.223761
0.007684,0.092188,-0.001637,0.995711,0.483515,-0.011141,-0.238157,-2.064811,1.452069,-0.909735,3.147498,1.281399,-2.103902,-0.020066,2.147863,5.117129,0.298826,-0.527135,1.897213,-0.568457,1.448208,0.011641,-0.035619,1.193532,-1.916221,0.14634,0.891854,-2.060202,-0.119895,0.98901,-2.171129,0.003225,1.077721,-2.223458
-0.039962,0.106539,-0.007343,0.993478,0.481055,0.074539,-0.246928,-5.003904,0.559836,-0.572476,3.929963,0.861273,-0.55379,0.605162,0.368669,2.432827,-0.383784,0.072018,2.880486,3.135068,2.371014,-0.765131,0.06656,1.215925,-1.93062,0.162074,0.901439,-1.996948,-0.129873,0.990883,-2.096237,0.084737,1.139368,-2.243352
-0.060465,0.119739,-0.001448,0.990961,0.507251,0.069536,-0.188595,1.927006,1.291178,1.487603,-1.965751,0.25057,1.712737,-3.031926,-0.240209,-0.714905,-3.913771,0.676742,2.912823,2.410723,1.32153,0.467285,0.015451,1.22244,-1.886089,0.083244,0.895194,-2.015536,-0.231631,1.008478,-2.020503,0.147416,1.173728,-2.231202
-0.010076,0.132913,0.014963,0.990964,0.540087,0.008537,-0.107266,3.224639,0.582429,1.757289,-9.02177,5.802092,2.095055,-5.560982,1.181277,-1.874089,-1.463848,1.915392,1.603693,-0.243877,0.050275,-0.738143,-0.219115,1.373294,-1.831617,-0.061342,0.925907,-2.064262,-0.269691,1.058278,-1.978807,0.141075,1.175035,-2.250394
0.003753,0.141566,0.028064,0.989524,0.569799,-0.040589,-0.024376,0.720793,-0.159007,0.738549,-3.109572,6.946461,-1.414872,-1.899665,1.561742,-0.895643,-0.261652,0.094006,-0.040745,0.949581,-0.148765,-3.733218,-0.299964,1.553902,-1.868404,-0.110733,0.966512,-2.087549,-0.276494,1.060722,-1.979866,0.165764,1.171167,-2.347458
0.014626,0.133359,0.028264,0.990557,0.540534,-0.068475,-0.030234,0.391441,-0.508269,-0.637327,-1.485868,-1.243035,-7.166836,-0.555371,2.36768,1.465299,-0.818001,-0.377644,-0.125995,2.650807,-0.512763,-4.368927,-0.338597,1.521583,-2.054742,-0.125173,1.028072,-2.049451,-0.297762,1.050904,-1.983142,0.234685,1.157835,-2.46105
0.026815,0.125286,0.014667,0.99165,0.575043,-0.114877,-0.027957,0.840388,-0.313033,-1.307958,-0.814048,-10.073871,-9.357956,-0.057025,2.200182,2.211505,-1.597483,-1.462895,0.424558,1.189117,-1.090944,-2.329122,-0.359762,1.259662,-2.298049,-0.126655,1.085277,-1.991952,-0.339297,1.012868,-1.972104,0.265602,1.12947,-2.521607
0.039774,0.125829,-0.004411,0.991245,0.600324,-0.198671,-0.064542,2.347636,-0.449497,-1.211564,0.092756,-8.921471,-4.230415,-0.059306,1.595949,1.94825,0.868891,-0.308989,-1.027394,-0.353252,-3.614016,1.560505,-0.35735,1.027704,-2.408039,-0.128197,1.126771,-1.941298,-0.316706,1.004835,-1.998816,0.256417,1.035506,-2.481034
0.039526,0.121589,-0.018956,0.991612,0.591436,-0.211098,-0.168828,-1.118338,-0.034049,-0.97795,1.478936,-4.804631,2.361121,0.989094,1.796055,2.214347,1.793977,2.141797,-1.17373,0.049992,-5.708674,4.616991,-0.318898,0.902784,-2.34665,-0.102481,1.173469,-1.883725,-0.270062,1.060522,-2.029333,0.257717,0.88708,-2.360992
0.010398,0.126265,-0.023833,0.991656,0.576795,-0.164242,-0.248112,-2.599252,0.790129,-0.263462,0.659835,-3.255561,6.62677,2.949361,1.411721,0.560234,4.69052,2.139406,-0.242152,-0.171317,-5.91946,5.733962,-0.301742,0.818139,-2.174354,-0.025797,1.210174,-1.869158,-0.148109,1.116146,-2.035629,0.253263,0.733175,-2.211909
-0.007275,0.137307,-0.017957,0.990339,0.519678,-0.128878,-0.313912,0.134402,0.597174,0.755897,0.239683,-2.1355,5.506693,2.006654,1.809783,-0.311788,4.641968,2.65146,-0.438302,-0.968732,-3.570255,4.608415,-0.295511,0.762616,-2.03118,0.026376,1.257228,-1.877265,-0.027417,1.185084,-2.047025,0.228076,0.640348,-2.09209
0.01675,0.14327,-0.004252,0.989533,0.449011,-0.128531,-0.375441,3.106247,0.476723,1.653413,1.873415,-2.055307,3.708068,-1.553003,1.182417,0.130441,0.664722,4.224942,-0.799829,-0.436039,-1.354384,2.437934,-0.246802,0.709178,-1.93477,-0.014003,1.287971,-1.873874,-0.010135,1.294933,-2.06782,0.216739,0.605134,-2.028704
0.072922,0.153769,0.009467,0.985367,0.470686,-0.094459,-0.291032,2.250536,0.932882,1.203583,-0.787628,0.122311,0.889415,-4.074177,-0.947294,-2.688727,-1.101813,4.051502,-2.42294,-2.069307,-0.167026,1.290134,-0.26728,0.712358,-1.911646,-0.119931,1.263341,-1.94378,-0.038782,1.400272,-2.130817,0.162937,0.600791,-1.99516
0.076907,0.150705,0.018191,0.985415,0.41824,-0.009759,-0.275535,-1.815029,-1.100525,0.448834,-0.301721,3.506161,-1.679366,0.259887,-2.272818,-1.225535,-2.348743,3.17501,-1.13946,-5.598721,1.881383,-0.383531,-0.275125,0.803518,-1.955309,-0.113174,1.204248,-1.975644,-0.099849,1.482822,-2.160443,0.01737,0.649707,-2.005132
0.019779,0.121635,0.033749,0.991804,0.35676,0.07698,-0.124307,-2.985424,-1.870089,0.941088,4.873139,3.6497,1.917114,6.59134,0.607725,-1.920858,-4.642547,1.162711,-0.576135,-0.948158,4.136377,-3.28121,-0.148423,0.898411,-1.905464,0.058201,1.220049,-2.025587,-0.220555,1.513052,-2.175422,-0.007282,0.757253,-2.090444
-0.000597,0.112528,0.04224,0.99275,0.375355,0.078411,-0.101743,-1.285588,0.054775,-0.305309,1.336853,1.989185,0.971042,5.631541,2.239776,-3.509238,-1.807721,-4.732864,-2.365161,0.278654,3.317004,-2.796152,-0.113665,0.950129,-1.880217,0.204621,1.278283,-2.116827,-0.267556,1.389998,-2.236916,-3.7e-05,0.843495,-2.163144
-0.006255,0.112006,0.031952,0.993174,0.39952,0.068755,-0.125621,0.028118,-0.333379,-1.180796,2.472634,1.645782,-1.326474,1.241748,-2.473743,-6.768659,-0.608519,-5.961919,1.145257,-2.21622,3.163536,-1.85494,-0.049377,0.99292,-1.914705,0.236906,1.213966,-2.292812,-0.283378,1.234988,-2.20714,-0.057659,0.925747,-2.211372
0.001339,0.112704,0.015376,0.993509,0.442171,-0.027555,-0.186428,0.991869,0.407152,-0.745433,0.382545,1.493156,-1.065515,-1.505922,-7.564019,-3.446634,0.941922,-4.654536,2.015941,-2.210168,3.165575,-0.95128,-0.03943,1.031742,-1.942409,0.197752,1.017301,-2.382424,-0.258888,1.11397,-2.154725,-0.115123,1.008052,-2.236105
-0.006717,0.120577,0.014663,0.992573,0.534459,-0.057382,-0.258074,-1.805618,0.811496,0.455517,0.48298,1.45513,-0.50038,-0.005515,-3.70048,2.908998,3.57552,-3.91225,1.294066,0.280643,1.767555,-0.052581,-0.026873,1.069575,-1.955419,0.197609,0.921089,-2.306791,-0.165924,1.012252,-2.12108,-0.107826,1.054008,-2.237473
-0.012303,0.128688,0.027282,0.991233,0.579264,0.054408,-0.214384,-0.327155,0.426448,1.145512,0.198451,2.356749,-0.420095,-4.450207,-0.74413,6.195374,-0.454225,-1.942184,1.173197,1.693815,1.31052,0.400001,-0.021713,1.130851,-1.966341,0.081904,0.901741,-2.145711,-0.177734,0.961755,-2.090576,-0.063787,1.088082,-2.227073
-0.001465,0.135674,0.041372,0.989888,0.562404,0.115668,0.189891,2.523161,0.480501,1.202184,-1.251425,3.045212,-0.280051,-5.664991,-0.378133,3.655184,-2.203545,-0.896474,2.309674,0.229655,1.733032,0.484856,-0.05425,1.210026,-1.973622,-0.065386,0.89191,-2.050676,-0.235026,0.938446,-2.030525,-0.057816,1.133141,-2.214466
0.034986,0.137841,0.047433,0.988699,0.56874,-0.045302,0.115606,1.824123,-0.217981,0.297486,-3.47367,1.718163,1.516723,-3.677395,1.517687,0.900398,-2.128332,1.442598,1.109347,-3.915977,2.156679,1.331444,-0.144566,1.254698,-1.934188,-0.160999,0.93137,-2.027266,-0.290363,0.975954,-2.001682,-0.159631,1.189214,-2.179849
0.01211,0.1238,0.046859,0.991126,0.664957,-0.09318,-0.109972,-3.504601,-1.844994,-0.904494,1.243477,1.233127,1.103454,2.439993,1.789869,2.818985,0.327241,-1.266253,1.367836,5.443272,1.037511,-0.233603,-0.112235,1.28676,-1.905498,-0.097559,0.977906,-1.953972,-0.281854,0.943031,-1.966118,-0.018106,1.21619,-2.185922
-0.020388,0.097497,0.03364,0.994458,0.606895,-0.074994,-0.145441,-1.925817,-1.784267,-1.251121,-3.718328,3.624482,-1.210749,2.473811,3.873903,-0.274748,-0.763774,-1.926585,3.736936,6.147701,1.162445,-3.31095,-0.208912,1.380996,-1.936977,-0.03324,1.078628,-1.961116,-0.301713,0.89294,-1.868958,0.141734,1.246413,-2.272007
-0.059905,0.087399,0.015321,0.994252,0.564455,-0.001782,-0.281354,-4.531161,0.34183,-1.948929,-3.282414,2.446779,-5.178942,3.770021,-3.7771,0.891278,2.014101,0.801734,2.045673,-2.864693,1.311787,-5.293108,-0.294255,1.444613,-2.07163,0.064781,0.980423,-1.937942,-0.249346,0.913785,-1.81577,0.067252,1.28052,-2.409628
-0.122281,0.088301,-0.004216,0.988551,0.47807,0.130931,-0.041447,-2.639827,0.125385,-1.697906,-2.812088,-4.213926,-6.811597,3.022273,-3.156191,2.174718,3.609324,-1.22963,-0.802378,0.076659,-1.318799,-3.389552,-0.367369,1.33505,-2.248731,0.14336,0.898362,-1.8814,-0.155504,0.881815,-1.836632,0.069245,1.246231,-2.497756
-0.117292,0.073926,-0.012882,0.990258,0.319051,0.14285,0.161208,3.578552,-1.774453,0.044885,-0.645367,-5.690474,-1.874064,-0.576217,2.982733,1.014275,1.893712,-0.956578,-1.155224,3.924727,-4.46273,-1.014795,-0.384148,1.187098,-2.297457,0.128378,0.975913,-1.855029,-0.106267,0.856944,-1.866668,0.171288,1.1302,-2.524141
-0.058945,0.054458,-0.00958,0.996729,0.298454,0.044362,-0.011399,4.919436,-1.230136,0.61603,0.992646,-4.221717,2.170292,-5.402612,0.452705,3.654599,-1.193072,3.389446,-3.782189,2.516985,-7.809071,2.756497,-0.35834,1.077334,-2.241029,-0.01209,0.987683,-1.760009,-0.137287,0.945069,-1.965005,0.236729,0.927164,-2.452472
-0.02473,0.046338,-0.005084,0.998607,0.328338,-0.029273,-0.205733,1.02616,-0.109917,0.223394,2.102363,-5.036322,2.186524,-1.805967,1.767454,2.435472,-0.226109,3.102164,-2.562212,-1.04032,-6.397924,5.732534,-0.303678,0.946389,-2.18418,-0.059045,1.033637,-1.696687,-0.143166,1.025726,-2.031622,0.209681,0.760818,-2.303426
-0.035484,0.043382,-0.000191,0.998428,0.395316,-0.034965,-0.234289,-1.921428,-0.360894,0.442135,1.521515,-4.839191,3.615001,1.777735,2.26533,-0.038123,1.945058,2.705013,-1.388139,-0.706378,-3.292429,6.23349,-0.264119,0.82057,-2.09019,-0.012824,1.092536,-1.697678,-0.092594,1.096056,-2.067714,0.191315,0.675215,-2.141355
-0.063238,0.034716,0.007867,0.997363,0.40143,0.022096,-0.266309,-1.359614,-1.050588,0.482789,2.51146,-2.527196,4.881065,2.125743,2.312048,-0.71334,2.756184,3.614166,-1.42779,0.671111,-1.394827,4.384852,-0.198821,0.754863,-1.963282,0.042446,1.152649,-1.716225,-0.020933,1.190024,-2.104837,0.208764,0.638949,-2.027349
-0.047764,0.028622,0.01331,0.99836,0.355661,0.025023,-0.437246,2.663992,-0.002309,0.477435,3.595596,-0.04967,4.474949,-2.847151,2.982392,-2.679971,-0.812004,4.025823,-1.726673,-1.164691,1.851215,0.033612,-0.105335,0.753572,-1.846933,-0.03158,1.230191,-1.785904,-0.042046,1.294696,-2.14973,0.178482,0.687081,-2.026475
-0.000326,0.043525,0.019729,0.998857,0.354963,0.023989,-0.53101,5.049949,1.706119,0.613786,4.307503,2.446968,3.717826,-3.010193,0.619083,-8.065859,-0.701694,1.945451,-2.562019,-4.698724,0.599573,-0.792066,0.00666,0.817193,-1.75027,-0.109845,1.246287,-1.995616,-0.06029,1.345277,-2.216343,0.056315,0.70267,-2.047069
0.033189,0.071012,0.023437,0.996648,0.258473,0.11618,-0.391783,0.408996,1.453614,0.314018,0.357022,3.2355,-3.418946,2.929983,-0.974844,-6.057003,2.186454,1.84678,-2.863086,-4.055594,0.804537,-1.825649,0.015942,0.901316,-1.839163,-0.033666,1.220942,-2.153098,-0.003442,1.393294,-2.290783,-0.04913,0.723588,-2.094536
0.026622,0.072342,0.025861,0.996689,0.269993,0.181467,-0.203103,-1.154725,-0.87291,-0.148617,0.305049,2.763619,-2.541394,4.418088,-3.574746,-0.99596,-1.532991,0.888624,-4.412226,-1.34529,2.847249,-3.672733,0.023874,0.97317,-1.905239,0.081205,1.127998,-2.178993,-0.0433,1.416398,-2.405501,-0.084108,0.797616,-2.190027
-0.000741,0.061674,0.02199,0.997854,0.355404,0.15975,-0.082919,-1.97389,-0.670128,-0.668471,1.739703,1.54745,0.165831,6.537731,-2.689044,-0.449926,-5.953323,-3.720661,-1.93784,0.728189,3.570236,-3.680376,0.069106,1.013404,-1.900927,0.251186,1.058083,-2.190691,-0.198086,1.319661,-2.455885,-0.065175,0.890443,-2.285717
-0.004957,0.060173,0.016277,0.998043,0.397847,0.08283,-0.112896,0.911468,0.382844,-0.361479,1.489582,2.368692,-1.162123,2.030683,-2.35454,0.261608,-1.724956,-5.850723,1.496878,-1.264165,2.824779,-1.552828,0.107835,1.07499,-1.931142,0.303983,0.996865,-2.18389,-0.242935,1.167542,-2.416966,-0.098043,0.963887,-2.32609
0.012963,0.074499,0.013901,0.99704,0.443879,0.052401,0.000564,0.968482,1.435434,0.238769,-0.364339,0.394054,-1.420299,-3.180195,-2.899655,0.448276,3.246314,-4.034009,4.401603,-2.094421,0.794277,0.768902,0.098362,1.085235,-1.96807,0.221298,0.921474,-2.172234,-0.158531,1.062658,-2.302524,-0.152498,0.984538,-2.306099
0.008604,0.090429,0.020116,0.995663,0.528696,0.042978,-0.070298,-2.712637,1.315268,0.371248,-0.232007,-0.66837,-0.297069,-5.18968,-1.398901,1.267429,3.564614,-1.092981,3.383566,0.729184,0.550169,0.880873,0.09233,1.067857,-1.975794,0.086367,0.885102,-2.139281,-0.065851,1.03424,-2.214551,-0.133539,0.998842,-2.283196
-0.039057,0.101311,0.026322,0.993739,0.679857,0.052683,-0.269993,-4.214128,0.516644,-0.020247,3.198831,-0.114926,0.076595,-1.97818,0.425804,2.869731,-0.395081,-0.661481,3.521308,4.352387,1.438777,0.80055,0.1755,1.064869,-1.973802,0.034934,0.896173,-2.064668,-0.076123,1.017042,-2.122997,-0.020377,1.036251,-2.262382
-0.050864,0.109328,0.030478,0.992235,0.670879,-0.031907,-0.081575,1.736604,1.066008,0.362726,-4.50116,3.472095,1.109165,-2.785903,0.758751,2.188514,-7.151003,-0.711898,3.563728,0.825797,2.763461,-0.166494,0.058469,1.155144,-1.944964,-0.037499,0.915901,-2.007767,-0.262049,0.998532,-2.03034,0.001094,1.108101,-2.266711
-0.004332,0.123844,0.028721,0.991876,0.536818,-0.199842,-0.026237,3.83894,0.828351,0.419357,-9.900763,7.930664,2.126902,-4.002046,2.290685,-0.763574,0.206088,0.111609,2.210678,-5.877673,1.794216,0.574536,-0.19895,1.361341,-1.889665,-0.141553,0.975459,-2.02762,-0.256691,1.001434,-1.972863,-0.151726,1.15475,-2.251773
-0.002367,0.122228,0.032609,0.991963,0.533043,-0.18209,-0.15032,-1.106227,-0.422883,0.177007,-3.31378,5.505516,0.205153,0.452466,1.840806,1.056318,0.388492,0.90082,-1.545766,2.570884,0.406765,-1.860622,-0.285109,1.504484,-1.884331,-0.129789,1.02332,-2.000156,-0.24659,1.024856,-2.013053,-0.084883,1.165326,-2.300149
-0.025821,0.111912,0.038146,0.99265,0.517885,-0.109237,-0.185379,-1.859726,-0.982593,0.269371,0.039697,-0.787679,-4.359441,0.989722,2.867355,0.107459,1.137186,0.314644,2.452571,8.150891,0.426548,-4.007105,-0.284077,1.484005,-1.997676,-0.104056,1.097871,-1.997362,-0.217023,1.033036,-1.949286,0.12704,1.176416,-2.404334
-0.036856,0.112087,0.03657,0.992341,0.551439,-0.100469,-0.020071,0.178787,0.628971,-0.590061,-1.607945,-6.290731,-6.962047,-0.062978,2.115826,-0.24432,1.147843,2.017934,0.444778,3.329655,0.472705,-3.29604,-0.325883,1.320446,-2.178689,-0.105693,1.152882,-2.003714,-0.187179,1.085503,-1.937722,0.213611,1.188707,-2.490031
-0.017378,0.121142,0.024569,0.992179,0.594964,-0.193275,0.029977,2.676009,0.052679,-0.771948,-1.459784,-6.886903,-4.815273,-0.863759,1.37384,0.83883,-0.857339,-0.890986,0.125637,-0.011709,-1.816643,-0.118659,-0.363837,1.141386,-2.303887,-0.128151,1.188602,-1.981904,-0.20947,1.062337,-1.934455,0.213307,1.141474,-2.493116
0.010225,0.118309,0.012971,0.992839,0.588239,-0.263939,-0.009695,1.680008,-0.440653,-0.541569,1.075577,-5.083039,0.16062,-1.168634,0.811651,2.987555,-0.645918,0.718427,-0.985451,0.854731,-6.796671,3.322014,-0.335872,1.009227,-2.29971,-0.158535,1.209705,-1.904228,-0.226264,1.081016,-1.960077,0.23553,0.964761,-2.406743
0.014083,0.115451,0.004097,0.993205,0.566954,-0.304761,-0.135105,-0.438389,0.091385,-0.705627,0.983225,-5.278264,4.424036,0.866719,0.883076,2.72194,2.170059,2.065118,-1.009413,0.229137,-7.444745,4.027417,-0.310309,0.871992,-2.184685,-0.136001,1.232665,-1.833458,-0.169842,1.134709,-1.986322,0.241487,0.771197,-2.302031
0.00013,0.119264,-0.002039,0.992861,0.566,-0.29537,-0.264874,-1.248455,0.627569,-0.428606,0.749639,-4.710431,5.135129,2.293071,1.117419,1.562353,3.465482,1.553475,-0.142305,-0.137703,-4.166737,4.365218,-0.290818,0.749521,-2.051172,-0.076381,1.261718,-1.792836,-0.07974,1.175099,-1.990021,0.237907,0.662862,-2.188535
-0.011462,0.127363,-0.002432,0.991787,0.576536,-0.260478,-0.515842,-0.58842,0.357355,-0.016388,1.676305,-2.375491,3.816465,-0.239004,-0.590459,-2.40464,4.065602,2.654602,-0.766665,-0.359131,-1.36889,4.038764,-0.247234,0.687758,-1.951944,-0.082595,1.246366,-1.855357,0.025966,1.244119,-2.009955,0.22857,0.627271,-2.083527
-0.008054,0.13174,-0.004232,0.991243,0.458786,-0.083727,-0.468039,0.820293,0.491911,-0.309444,1.993526,-0.893215,4.074064,-3.775277,-3.676421,-4.853795,2.865165,3.796312,-2.210103,-2.413193,0.603075,3.215607,-0.195402,0.664535,-1.846018,-0.180752,1.150779,-1.981556,0.10046,1.342823,-2.067417,0.165827,0.642951,-1.999921
-0.013464,0.130654,-0.009139,0.991294,0.359811,0.03419,-0.356123,-1.424446,-0.898549,-0.266695,1.129128,3.912865,-3.757005,0.256642,1.668148,-2.37724,1.184522,3.560241,-3.522996,-6.139526,1.59093,-0.292479,-0.166045,0.766269,-1.9437,-0.17408,1.194151,-2.043364,0.131258,1.435389,-2.159015,0.006199,0.684315,-2.007526
-0.01829,0.121897,-0.006998,0.99235,0.341312,0.10992,-0.328331,-0.268334,-0.74649,0.228234,0.148604,3.160334,-1.288296,3.945913,4.005824,0.306214,-0.364915,2.61558,-5.378944,0.379864,3.703115,-3.191223,-0.162181,0.848438,-1.977196,-0.071486,1.298302,-2.035402,0.12177,1.503395,-2.298868,0.016076,0.780596,-2.090498
-0.012618,0.114893,-0.002285,0.993295,0.341332,0.090889,-0.177245,0.800666,-0.356645,0.389459,-0.906027,3.308499,-0.908518,8.680148,2.436269,-1.308521,-3.820129,0.178985,-5.575742,-0.606876,3.001948,-2.364389,-0.185738,0.934459,-2.000818,0.154198,1.361645,-2.069424,0.022447,1.508048,-2.443837,0.000297,0.858647,-2.151972
-0.007838,0.111954,0.001975,0.99368,0.343948,0.134959,-0.076154,-1.222206,-0.687171,0.18892,-1.170537,2.262857,-0.305288,5.279094,-4.006264,-5.885002,-4.696889,-4.036222,-2.005056,-0.865395,1.18743,-1.255746,-0.216172,0.993293,-2.008755,0.291455,1.257483,-2.222434,-0.099672,1.403106,-2.495969,-0.022203,0.88952,-2.184621
-0.024714,0.100873,0.003817,0.994585,0.389126,0.241717,-0.059858,-0.860802,-0.664849,0.034058,1.098734,1.655787,1.225943,-1.550293,-10.547147,-4.864123,-3.643223,-6.854208,2.411943,0.825305,2.277624,-1.653514,-0.187605,1.036344,-1.976881,0.251147,0.983257,-2.348901,-0.194396,1.224897,-2.433258,-0.000746,0.948738,-2.227612
-0.021844,0.100685,0.004095,0.99467,0.465221,0.20244,-0.02568,1.645439,0.655496,0.059244,-1.034292,1.08277,0.868084,-2.098329,-5.212635,4.363449,1.196945,-6.384803,3.032076,-1.201694,2.108289,-0.478771,-0.214497,1.064496,-1.95431,0.19659,0.847728,-2.235451,-0.163276,1.058892,-2.354424,-0.03199,1.003554,-2.24006
-0.00252,0.10612,0.002636,0.994347,0.431397,0.030511,0.132751,1.662079,-0.127575,-0.013744,-0.58926,2.329066,-1.272811,-2.061196,1.06354,4.44662,4.975217,-3.392606,3.888786,-2.686473,1.696024,0.29815,-0.229817,1.125051,-1.987404,0.142999,0.87538,-2.119839,-0.03392,0.970684,-2.253316,-0.101838,1.04765,-2.232309
0.005687,0.100518,0.002415,0.994916,0.489314,-0.053697,0.067681,-1.378436,-0.04297,0.411494,0.370693,1.751849,0.74739,-1.200075,2.265081,0.421919,2.120722,-0.530786,3.40171,-0.950393,2.402467,0.416939,-0.220179,1.1706,-1.967971,0.111797,0.934272,-2.108869,0.021219,0.956884,-2.164871,-0.126548,1.110114,-2.221468
-0.024972,0.092809,0.0129,0.995287,0.505095,-0.048708,0.007223,-2.876926,-1.521571,0.55659,3.958694,1.454232,1.989756,1.913776,1.86229,0.531577,-2.490468,1.435897,2.750618,5.838207,1.553035,1.403972,-0.117253,1.20841,-1.916238,0.161556,0.982692,-2.095048,-0.043533,0.994217,-2.093355,0.025245,1.150493,-2.184965
-0.015904,0.078296,0.028403,0.996399,0.405291,-0.033148,-0.012061,2.719868,-0.926778,1.800433,-0.001715,4.15737,2.01634,-1.409028,1.815868,1.281488,-8.181035,1.773829,1.446355,-0.794062,3.862365,-0.403134,-0.117298,1.316501,-1.863813,0.124921,1.029904,-2.06173,-0.25624,1.040337,-2.05575,0.0046,1.250915,-2.195446
0.03496,0.071811,0.053703,0.995358,0.305391,-0.017304,0.099352,4.664339,-0.606546,2.66293,-3.998655,4.777894,-0.012222,-5.209536,0.623315,1.045326,-2.569502,0.755805,3.231942,-2.836352,2.928213,-2.227339,-0.221263,1.440726,-1.864131,-0.010527,1.046111,-2.034551,-0.323047,1.059988,-1.971719,-0.069145,1.327048,-2.253357
0.054807,0.086559,0.071441,0.992169,0.390489,-0.125748,0.094336,0.474761,1.81684,0.305422,-2.172002,1.195494,-3.450616,-2.357684,-0.273523,-0.471875,0.286561,1.458267,0.126798,1.10454,0.150066,-4.111441,-0.277735,1.471809,-1.953847,-0.071827,1.038999,-2.04682,-0.315597,1.097903,-1.968423,-0.040427,1.33095,-2.360255
0.057072,0.106031,0.063609,0.990684,0.480356,-0.21755,0.055951,0.046891,0.705172,-1.33818,-2.293435,-1.946331,-8.165367,0.387779,0.204404,-0.001722,0.054656,-2.612985,2.585277,3.336325,0.401283,-2.879185,-0.337364,1.421205,-2.166146,-0.061745,1.044314,-2.046865,-0.314176,1.029965,-1.901205,0.046317,1.341383,-2.435113
0.056701,0.10082,0.042265,0.992388,0.601894,-0.233068,0.047397,1.270413,-1.517394,-1.708668,-1.706113,-8.473138,-8.116404,1.785439,1.703852,2.538149,-0.425088,-2.062471,0.38768,6.308304,-2.979957,-1.948553,-0.381723,1.200903,-2.377173,-0.015323,1.088614,-1.980873,-0.325228,0.976341,-1.891126,0.210333,1.263904,-2.485776
0.083068,0.080126,0.020496,0.993106,0.69909,-0.176566,0.009234,1.186145,-1.327712,-1.044326,0.735443,-8.855536,-2.13569,-0.633925,1.743739,4.674606,-2.075243,0.994925,-0.38808,3.899837,-6.954308,1.001549,-0.362602,0.970659,-2.432701,-0.031805,1.133951,-1.859333,-0.379184,1.002209,-1.901216,0.311729,1.083092,-2.459736
0.074762,0.076045,0.012146,0.994223,0.740348,-0.086693,-0.085354,-2.093797,0.598607,-0.335136,1.603344,-1.995524,3.46402,0.284546,2.067523,1.682453,0.735345,1.801031,0.915436,-0.213767,-8.151333,6.125111,-0.320915,0.918776,-2.342636,-0.024407,1.187707,-1.815589,-0.360065,1.049036,-1.877415,0.306171,0.871158,-2.300483
0.045055,0.087954,0.013886,0.995008,0.691461,-0.045012,-0.23069,-1.548402,0.891538,-0.069072,1.134325,-1.064681,4.933662,2.462539,1.797127,0.272682,4.008165,-0.178794,1.654269,-2.208719,-5.409995,7.449247,-0.291422,0.891094,-2.214361,0.039619,1.234432,-1.8085,-0.255853,1.044387,-1.834404,0.248744,0.730498,-2.106802
0.030884,0.092431,0.015508,0.995119,0.533044,-0.022099,-0.115132,0.389491,-0.151628,0.083277,4.991315,-4.621511,4.594176,1.325886,2.036721,0.747024,1.62148,-0.09756,0.736848,-0.844889,-1.891431,3.34555,-0.161648,0.770935,-2.094912,0.074092,1.287387,-1.789077,-0.213695,1.041851,-1.815246,0.226777,0.681321,-2.019818
0.014396,0.090812,0.009583,0.995718,0.562113,0.027628,-0.023604,-2.504914,-0.59446,-0.858739,2.165984,2.944221,-1.344236,0.340853,2.160818,-1.270445,0.715645,1.367164,0.69639,2.110346,-0.131359,2.167562,-0.105332,0.847484,-2.129862,0.082954,1.343568,-1.822109,-0.195088,1.077397,-1.797139,0.281646,0.677905,-1.963461
-0.017852,0.072166,-0.00168,0.997231,0.571156,0.100862,-0.037695,-3.138761,-2.37838,-1.191415,3.478873,2.574117,1.332804,1.148886,1.872745,0.087257,-0.361019,3.773216,0.172761,-3.658,4.74288,1.212599,-0.014882,0.914411,-2.09521,0.112825,1.392259,-1.81984,-0.204474,1.1755,-1.792648,0.186538,0.80122,-1.931934
-0.062749,0.028642,-0.00497,0.997606,0.560237,0.161135,0.089808,-1.378221,-3.306165,0.253855,3.403491,3.561616,4.127093,2.415392,0.967954,-2.503332,-1.674576,6.083107,-2.67932,-2.120836,7.667839,-0.908888,0.073609,1.007013,-1.987905,0.175625,1.417426,-1.884927,-0.248013,1.333661,-1.86231,0.131396,1.000584,-1.955565
-0.047685,0.008997,0.004286,0.998813,0.51736,0.161598,0.005126,3.367681,-0.185164,0.44922,-0.099318,4.596006,1.239687,0.346921,-0.333102,-7.029319,-1.535038,1.759307,-4.952822,-1.079057,3.799661,-0.775925,0.071027,1.126509,-1.955673,0.184645,1.408765,-2.067689,-0.287924,1.379403,-1.991083,0.103341,1.099375,-1.975739
0.00404,0.021828,0.00386,0.999746,0.483427,0.047594,-0.040163,4.014867,1.711133,-0.351923,0.086181,3.281258,-2.675512,3.635596,-3.8361,-8.032878,1.396767,-6.186756,-5.667823,-5.789539,-0.05491,2.105947,0.073267,1.211822,-2.025237,0.279171,1.309027,-2.276544,-0.251608,1.218547,-2.138447,-0.047187,1.097948,-1.920984
0.011189,0.035793,-0.001022,0.999296,0.502253,0.043874,0.042566,-1.718397,0.023064,-0.331298,0.160499,1.669756,-1.071049,3.648826,-7.52199,-4.820827,6.31532,-8.866584,-2.591362,0.459366,-1.30271,1.162656,0.07744,1.255236,-2.053084,0.37404,1.113455,-2.401885,-0.08741,0.988016,-2.205822,-0.035244,1.064077,-1.890755
-0.017569,0.025924,-0.007191,0.999484,0.56563,0.085316,0.020803,-2.880496,-0.960956,-0.411729,2.166961,1.248436,1.999144,-2.36014,-6.841388,1.283625,3.689243,-7.901035,-1.832328,4.034723,1.18453,0.031644,0.133781,1.287695,-2.001106,0.312677,0.935579,-2.368511,0.00851,0.782589,-2.253463,0.069659,1.094875,-1.889932
-0.024852,0.020293,-0.009072,0.999444,0.650431,0.115724,-0.12119,1.129795,0.106189,-0.243799,-1.503112,-0.081273,2.290467,-2.950544,-3.924377,4.170175,-2.898254,-3.703827,1.912578,0.110121,2.450195,0.269717,0.094701,1.285582,-1.941554,0.235962,0.833545,-2.260086,-0.066844,0.68629,-2.203736,0.072522,1.15858,-1.88292
-0.010669,0.022355,-0.015463,0.999574,0.705323,0.131028,-0.111809,0.809714,-0.021274,-0.589063,-1.558791,1.66382,0.496748,-0.345953,-0.8179,4.630243,-1.461693,1.948963,5.547591,-2.713225,2.428147,0.393132,0.054172,1.328841,-1.928639,0.226968,0.81228,-2.1397,-0.104848,0.736963,-2.059498,0.001978,1.221712,-1.872698
0.004702,0.021029,-0.024485,0.999468,0.657149,0.23565,-0.171692,0.430239,-0.124395,-0.689583,-1.575561,2.21002,0.573638,-3.488422,1.432795,3.518255,-0.226484,3.778816,6.820565,-2.548533,2.946381,0.353329,0.013207,1.386302,-1.913724,0.136269,0.849532,-2.048225,-0.110737,0.835212,-1.882164,-0.064284,1.298318,-1.863512
-0.002178,0.031457,-0.031091,0.999019,0.483012,0.215368,0.152256,1.007417,0.779577,0.05653,-3.10531,0.848668,-1.794777,-2.512198,2.408671,-0.401059,-0.582083,1.477121,0.398874,2.379253,2.573701,2.28604,-0.067531,1.408367,-1.960388,0.070952,0.912158,-2.058653,-0.125871,0.873617,-1.871793,-0.002423,1.365234,-1.804075
0.023256,0.038328,-0.025743,0.998663,0.451682,0.102462,-0.009606,2.635913,0.215806,0.889799,-1.655402,1.454254,-5.571385,-3.537326,2.076943,-1.061096,-1.139619,2.564106,-0.465677,2.877593,3.884512,-1.412923,-0.110571,1.446178,-2.105244,-0.021019,0.966158,-2.086241,-0.155501,0.940284,-1.8839,0.072394,1.466231,-1.840811
0.027673,0.039054,-0.01076,0.998796,0.574678,0.038176,0.013258,-1.866195,0.430214,1.23002,-2.174737,-0.528774,-5.996439,0.726469,2.800338,1.478557,0.987737,2.359268,0.030402,4.373259,1.641036,-8.430149,-0.167114,1.43243,-2.261152,-0.002131,1.038967,-2.047799,-0.12982,1.001625,-1.88311,0.186099,1.508898,-2.059995
-0.002727,0.0452,0.006629,0.998952,0.599368,0.086396,0.215822,-2.531739,0.339841,1.251556,-6.630976,-0.19616,-6.304455,2.286674,2.43793,-0.773109,3.386467,1.649838,1.142597,4.729126,-2.661472,-8.359113,-0.33952,1.42733,-2.425067,0.057323,1.102353,-2.0679,-0.041772,1.044521,-1.853402,0.309056,1.4397,-2.277332
-0.006857,0.047358,0.018194,0.998689,0.540271,0.085196,0.293639,1.84556,-0.180864,0.228593,-3.379736,-5.577002,-4.371299,-0.370119,1.568375,0.610321,1.071048,1.579805,1.624072,-2.049792,-6.375211,-3.952682,-0.427393,1.282328,-2.538721,0.0477,1.143131,-2.052031,-0.013925,1.085596,-1.811177,0.255762,1.273944,-2.380101
0.028513,0.046869,0.009346,0.99845,0.530122,0.018237,0.072603,3.18583,0.113448,-1.1486,0.833354,-10.478369,0.098192,-2.829322,0.682231,3.155522,-3.551499,0.389634,2.162019,-0.794293,-7.564942,-0.029647,-0.405726,1.00989,-2.536168,-0.025863,1.160869,-1.969988,-0.106264,1.095726,-1.754964,0.23511,1.077256,-2.380872
0.052253,0.05452,-0.011395,0.997079,0.671813,-0.052393,-0.064509,0.81595,1.176585,-1.663497,1.742391,-6.435253,3.939388,0.325053,0.598676,2.817112,-3.044955,-1.729035,2.64567,1.880277,-5.3773,3.273221,-0.360423,0.842573,-2.433744,-0.017411,1.176435,-1.896743,-0.185432,1.050771,-1.686177,0.283997,0.937446,-2.295768
0.05726,0.065867,-0.029726,0.995741,0.772116,-0.069613,-0.118094,0.213158,0.236202,-1.275708,1.302227,1.775006,6.562494,1.483523,1.224094,2.913961,0.581241,-0.531672,0.826136,0.713369,-1.027316,8.084193,-0.326566,0.888724,-2.263119,0.02116,1.208261,-1.82098,-0.17032,1.036948,-1.664697,0.302545,0.910736,-2.085579
0.05493,0.063161,-0.04297,0.995564,0.744919,-0.08326,-0.147328,0.542207,-0.780593,-0.667922,3.361986,4.000089,5.165524,0.588382,2.040867,2.260958,1.629006,2.561986,-0.013649,-0.665392,0.151334,4.997621,-0.239154,0.992726,-2.128816,0.036458,1.261324,-1.762195,-0.127966,1.103559,-1.665052,0.285245,0.914671,-1.955641
0.035216,0.057527,-0.046808,0.996624,0.653051,-0.048366,-0.177712,-4.221019,0.217364,-0.437136,5.825794,2.36371,1.913237,-0.35636,2.901081,-0.514039,2.265875,2.952911,0.577908,0.958723,-3.147373,3.334939,-0.087683,1.054182,-2.079072,0.027193,1.336752,-1.77556,-0.069053,1.180335,-1.650026,0.310172,0.832839,-1.868933
-0.010107,0.060017,-0.054644,0.996649,0.58046,-0.005518,-0.050828,-3.922615,-0.640056,-1.397663,4.277377,2.585199,0.101843,2.512617,1.908128,-5.141313,5.379329,4.094822,0.061487,-4.008668,-3.04337,5.325052,0.023529,1.121397,-2.076424,0.092521,1.386363,-1.909234,0.070809,1.286801,-1.648428,0.205946,0.753711,-1.730482
-0.014652,0.052453,-0.06732,0.996244,0.565355,0.126944,0.090112,1.082477,-0.28608,-0.726259,0.913687,2.662501,0.214015,-0.084246,-1.322787,-1.991533,-4.555653,5.524373,-3.697774,-0.435586,4.528737,-2.256244,0.047284,1.190623,-2.070859,0.09033,1.351971,-1.961014,-0.047638,1.430434,-1.74457,0.194621,0.871458,-1.789144
0.00163,0.050883,-0.075508,0.995845,0.548222,0.346322,0.247069,1.702787,0.146999,-0.621652,-1.309955,1.747228,0.635883,-0.549859,3.615879,-3.697833,-5.519572,3.792172,-9.329512,-2.874377,2.554422,-0.445977,0.013226,1.23605,-2.054326,0.076034,1.445983,-2.057158,-0.191147,1.529031,-1.987137,0.119887,0.937873,-1.800739
0.024032,0.056177,-0.080821,0.994854,0.574642,0.452527,0.195891,2.132889,0.728742,0.205988,-2.722811,0.539799,1.457748,4.927393,-0.838028,-4.378485,-0.851951,-5.13599,-10.677567,-4.145301,-0.43888,0.52341,-0.057568,1.250085,-2.016425,0.204146,1.424195,-2.170998,-0.213297,1.395495,-2.264754,0.012109,0.926462,-1.787131
0.021441,0.047842,-0.067649,0.996331,0.602729,0.441062,0.088337,-1.390934,-1.958714,1.532871,-2.015866,0.173407,4.637978,5.729648,-7.290873,-6.417111,2.406782,-11.121727,-6.007672,3.247137,-3.993983,1.161477,-0.10998,1.254594,-1.895837,0.353117,1.234632,-2.337843,-0.150721,1.10633,-2.420953,0.096535,0.822619,-1.756932
-0.000146,0.016861,-0.051914,0.998509,0.580849,0.378176,0.01422,-2.35712,-2.736036,0.672798,-0.070837,0.622793,6.539734,1.1738,-10.570395,-2.230918,0.863052,-9.866644,-0.331888,7.435753,-0.33478,0.919126,-0.111822,1.270786,-1.725804,0.383636,0.959802,-2.395847,-0.128282,0.849797,-2.429582,0.289865,0.813915,-1.733035
-0.037009,-0.010225,-0.050012,0.99801,0.607512,0.326934,-0.104194,-2.030045,-1.367256,-0.264729,2.553208,0.264868,4.384356,-0.657489,-7.301175,3.321831,2.560362,-6.007051,3.575586,1.649966,4.603518,-1.538928,-0.045438,1.277673,-1.611811,0.366541,0.769971,-2.309479,-0.061712,0.693614,-2.336617,0.332764,0.933606,-1.773047
-0.064654,-0.016507,-0.058419,0.99606,0.555664,0.312886,-0.378769,-3.024614,-0.445157,-0.786532,3.057501,0.428815,0.644222,-0.507521,-0.913298,5.561952,4.157771,0.255061,9.002983,-0.664091,5.136279,-3.82,0.034057,1.288822,-1.595061,0.353346,0.746225,-2.164869,0.04639,0.700246,-2.10254,0.315497,1.067149,-1.872367
-0.067293,-0.011176,-0.066977,0.99542,0.470035,0.382066,-0.322758,0.306597,1.573889,-0.099767,-1.815892,0.457854,-2.740953,-0.969799,3.147815,4.520959,-0.338898,2.746575,9.266659,-1.566968,3.843634,-2.259469,-0.013157,1.300726,-1.666326,0.328131,0.828069,-2.047324,0.037579,0.771657,-1.861607,0.274756,1.167084,-1.931113
-0.033677,0.015231,-0.064037,0.997263,0.368992,0.327463,0.189452,4.113969,1.865791,0.766187,-7.621349,0.853837,-6.058629,-3.472465,0.699723,3.628459,-3.851824,0.192909,-0.506546,-1.739708,0.137084,1.126688,-0.211312,1.322926,-1.82385,0.237847,0.846261,-1.952984,-0.062569,0.776672,-1.874777,0.229524,1.170648,-1.901819
