-0.014499,0.957338,-1.79116,0.004391,0.899729,-1.800467,-0.002261,0.897279,-1.800652,0.001886,0.942465,-1.802823
-0.035622,1.065622,-1.798259,0.098896,0.943766,-1.886385,-0.065389,0.912165,-1.802203,-0.019323,1.01324,-1.827342
-0.087987,1.145014,-1.788383,0.279333,1.006885,-1.924901,-0.158604,0.997894,-1.871939,-0.109182,1.134245,-1.885723
-0.082992,1.296417,-1.88615,0.402005,0.950233,-1.958279,-0.124329,1.091592,-1.905892,0.050565,1.222946,-1.968249
-0.234488,1.369912,-2.071185,0.366063,0.844662,-1.915865,-0.039746,1.093674,-1.865258,0.24854,1.320648,-2.031898
-0.149804,1.341649,-2.283983,0.178197,0.805379,-1.801882,0.029496,1.098846,-1.817538,0.245213,1.39526,-2.171877
-0.228598,1.285148,-2.447082,0.014509,0.830729,-1.822682,-0.120769,1.12696,-1.817016,0.005663,1.284171,-2.229504
-0.322816,1.121047,-2.382609,-0.062336,0.839828,-1.860274,-0.160194,1.116811,-1.779474,-0.004879,1.070995,-2.216524
-0.334855,0.976763,-2.23947,-0.063547,0.909863,-1.908105,-0.099527,1.147282,-1.763653,0.157567,0.876633,-2.253431
-0.357373,0.920407,-2.193619,-0.095614,0.980796,-1.924194,-0.090037,1.224655,-1.770711,0.204271,0.842801,-2.261722
-0.333382,0.884168,-2.152392,-0.115296,1.074221,-1.928575,-0.093497,1.284818,-1.748212,0.150107,0.882598,-2.19596
-0.313068,0.897322,-2.092534,-0.154084,1.170041,-1.931481,-0.157994,1.347907,-1.730918,0.158965,0.930947,-2.113976
-0.156056,0.97486,-2.056096,-0.175541,1.286207,-1.916204,-0.231941,1.435098,-1.781277,0.198337,1.002772,-2.063343
0.054911,1.062316,-2.039752,-0.199666,1.413182,-1.962936,-0.245954,1.485611,-1.882497,0.172455,1.135037,-2.132833
0.140879,1.132212,-2.015877,-0.130647,1.522538,-2.010392,-0.221366,1.501978,-1.925023,0.159058,1.16004,-2.152314
0.161714,1.197442,-2.090986,0.025297,1.554528,-2.039565,-0.135053,1.398934,-2.029227,0.217539,1.136384,-2.128992
0.106524,1.26092,-2.119714,0.196923,1.434789,-2.116179,-0.185424,1.297093,-2.19661,0.183101,1.135922,-2.090892
0.027156,1.294783,-2.127162,0.308811,1.231562,-2.269784,-0.248706,1.153652,-2.29483,0.077232,1.134864,-2.022985
0.071837,1.286336,-2.083255,0.336902,1.011444,-2.322563,-0.164101,0.95392,-2.317548,0.060156,1.150718,-1.987557
0.126203,1.283713,-2.033613,0.267449,0.899563,-2.238925,-0.067399,0.832718,-2.275266,0.059331,1.205831,-1.969004
0.105478,1.317349,-2.009611,0.207816,0.899291,-2.115434,-0.044935,0.840374,-2.176947,0.017092,1.260007,-1.954365
0.06449,1.372168,-1.955899,0.19112,0.925472,-2.039763,-0.097347,0.911262,-2.078043,0.033006,1.341382,-1.962397
-0.04011,1.43612,-1.946422,0.124248,0.908381,-2.031629,-0.162144,0.981213,-1.97081,0.019329,1.428241,-1.974425
-0.191684,1.424324,-2.078836,0.069661,0.966918,-2.106533,-0.183308,1.019378,-1.938581,-0.089826,1.490582,-1.951149
-0.193572,1.464368,-2.257847,0.111962,1.025202,-2.096244,-0.137262,1.080196,-1.916591,-0.082158,1.556114,-2.095495
-0.279709,1.464688,-2.427995,0.078469,1.079828,-2.06664,-0.180722,1.146002,-1.928421,-0.066107,1.504819,-2.341351
-0.359855,1.316517,-2.517331,0.036408,1.124746,-2.025428,-0.237035,1.180698,-1.902984,0.014261,1.348699,-2.49175
-0.363785,1.141484,-2.49958,0.007038,1.165988,-1.989166,-0.261321,1.214033,-1.862469,0.07945,1.174378,-2.51327
-0.360205,1.016823,-2.414317,-0.007359,1.207447,-1.974357,-0.243191,1.240493,-1.811141,0.069399,1.063607,-2.439674
-0.350511,0.938882,-2.276039,-0.016489,1.247905,-1.963202,-0.202893,1.280366,-1.768671,0.066389,1.019756,-2.313716
-0.345117,0.910986,-2.120733,-0.038992,1.289278,-1.928363,-0.206634,1.302793,-1.77086,0.115687,1.02635,-2.18983
-0.290935,0.929938,-2.064319,0.051268,1.348799,-1.88156,-0.126766,1.363779,-1.747551,0.280115,1.065416,-2.109975
-0.342233,0.913085,-1.97633,0.138206,1.40868,-1.812811,-0.069049,1.365537,-1.828389,0.284605,1.154359,-2.104809
-0.384417,0.889098,-1.887902,0.161166,1.446124,-1.789643,0.022328,1.373514,-2.064032,0.143364,1.182047,-2.065063
-0.459268,0.949626,-2.053576,0.347345,1.54109,-1.876487,0.183222,1.470534,-2.22178,-0.033508,1.145158,-1.975786
-0.434363,0.992056,-2.11993,0.454852,1.501322,-2.169511,0.128159,1.393365,-2.369343,-0.076217,1.138257,-1.910943
-0.323654,1.044519,-2.066532,0.389641,1.271498,-2.413038,-0.125416,1.178059,-2.497327,0.011663,1.170393,-1.868116
-0.333148,1.097088,-1.975833,0.346501,1.098084,-2.419778,-0.192451,1.00829,-2.509828,-0.000957,1.181287,-1.803473
-0.4026,1.142623,-1.868527,0.348845,1.025717,-2.321986,-0.102843,0.930144,-2.367015,-0.078605,1.181785,-1.727413
-0.417162,1.203391,-1.799293,0.36453,1.011226,-2.195444,-0.081366,0.868933,-2.135214,-0.105535,1.211638,-1.683532
-0.402061,1.24782,-1.721188,0.342043,0.995641,-2.088633,-0.126998,0.831235,-1.999867,-0.101005,1.29908,-1.674069
-0.375255,1.262061,-1.648139,0.281464,0.961811,-2.054618,-0.180617,0.811747,-1.852426,-0.149555,1.406876,-1.675816
-0.322682,1.383812,-1.803678,0.118182,1.068026,-1.973824,-0.126548,0.841488,-1.741675,-0.217273,1.505982,-1.71231
-0.301994,1.543877,-2.0869,0.058845,1.144265,-1.99154,-0.099668,0.910795,-1.771983,-0.182054,1.584801,-1.809475
-0.317831,1.579223,-2.326952,0.112744,1.215936,-2.017853,-0.030254,0.981419,-1.784654,0.019355,1.595679,-2.08651
-0.385961,1.459522,-2.485698,0.199345,1.275018,-1.989976,0.038795,1.032493,-1.772956,0.056328,1.474279,-2.392182
-0.394092,1.281761,-2.513479,0.227633,1.318903,-1.917732,0.000853,1.09111,-1.758384,0.038966,1.289148,-2.493353
-0.353733,1.134508,-2.431642,0.195649,1.346536,-1.843101,-0.063616,1.172036,-1.784999,0.122408,1.12854,-2.437552
-0.320383,1.058328,-2.283569,0.174054,1.363254,-1.797437,-0.102798,1.202513,-1.779685,0.213498,1.050764,-2.326472
-0.310034,1.037167,-2.148084,0.211934,1.374571,-1.823327,-0.074436,1.204742,-1.75868,0.255186,1.041375,-2.293688
-0.332537,1.048488,-2.049587,0.244223,1.405566,-1.828398,-0.002589,1.215109,-1.745198,0.317777,1.003818,-2.255965
-0.327281,1.083253,-1.930261,0.247801,1.481463,-1.815026,0.043972,1.256567,-1.743044,0.249133,1.050217,-2.08545
-0.338838,1.1454,-1.916594,0.293247,1.582361,-1.798964,0.135056,1.370877,-1.77286,0.16225,1.070713,-1.969597
-0.409068,1.187153,-1.966399,0.327837,1.646157,-2.015851,0.216975,1.501428,-1.961911,0.129056,1.028117,-1.932146
-0.510993,1.20908,-1.966152,0.36167,1.575014,-2.351757,0.031853,1.479426,-2.271933,0.017158,1.050966,-1.909489
-0.546993,1.204832,-1.892304,0.416529,1.39137,-2.531749,-0.158373,1.341964,-2.477744,-0.058581,1.109051,-1.884739
-0.499668,1.174465,-1.783709,0.404382,1.204783,-2.507944,-0.167576,1.165189,-2.51094,-0.075345,1.15679,-1.83228
-0.475968,1.15671,-1.703823,0.373694,1.094245,-2.382207,-0.147732,1.031151,-2.414043,-0.120607,1.186657,-1.761044
-0.437954,1.188756,-1.682275,0.368857,1.036847,-2.229733,-0.143792,0.970354,-2.228487,-0.1785,1.225966,-1.698553
-0.377625,1.264399,-1.678598,0.372732,1.003652,-2.022756,-0.081801,0.952947,-2.029992,-0.220974,1.274671,-1.651612
-0.321391,1.338389,-1.756542,0.398017,1.024156,-1.790472,-0.036917,0.95687,-1.946022,-0.23461,1.306849,-1.612928
-0.329159,1.419646,-1.869509,0.442396,1.104442,-1.799116,-0.030628,0.975763,-1.896898,-0.19857,1.334225,-1.627409
-0.354899,1.509355,-1.996119,0.410585,1.13734,-1.751705,-0.057612,1.009272,-1.848324,-0.218525,1.463783,-1.725092
-0.340228,1.559415,-2.183594,0.459133,1.140083,-1.746896,0.027304,0.995354,-1.762369,-0.065566,1.577565,-1.916046
-0.427631,1.511075,-2.278936,0.46188,1.141843,-1.758606,0.082069,1.035132,-1.730375,0.192768,1.521935,-2.284507
-0.41323,1.332202,-2.312935,0.367304,1.141179,-1.728492,0.036105,1.088801,-1.722508,0.158548,1.347563,-2.464326
-0.363457,1.153467,-2.298256,0.292621,1.152223,-1.69519,-0.028917,1.113885,-1.70391,0.016697,1.128191,-2.43836
-0.312486,1.049983,-2.225052,0.338312,1.196531,-1.687379,-0.006348,1.127484,-1.678629,0.043016,0.966428,-2.322968
-0.32828,0.984111,-2.139651,0.397259,1.253404,-1.667247,0.014424,1.165139,-1.673254,0.194749,0.904054,-2.192145
-0.331789,0.938233,-2.068894,0.413963,1.30948,-1.629737,-0.003119,1.231413,-1.682938,0.260858,0.905096,-2.072247
-0.209475,0.969655,-1.988207,0.373657,1.408,-1.637223,-0.002621,1.322859,-1.693347,0.257018,0.943041,-1.906061
-0.14057,1.038534,-1.943939,0.31042,1.532929,-1.75043,0.085937,1.437209,-1.739555,0.263824,1.016407,-1.925176
-0.159207,1.103099,-1.91091,0.298879,1.606182,-1.869028,0.161591,1.533112,-1.842088,0.272687,1.082266,-1.934107
-0.259981,1.160743,-1.884069,0.322082,1.589673,-2.095101,-0.012981,1.545667,-2.148629,0.180437,1.126908,-1.904651
-0.320537,1.190364,-1.8734,0.39828,1.397154,-2.397527,-0.19252,1.417531,-2.434614,0.087635,1.162178,-1.860281
-0.329186,1.194666,-1.851791,0.392968,1.166961,-2.478636,-0.261354,1.224168,-2.510024,0.011047,1.191722,-1.796296
-0.354616,1.19132,-1.786032,0.366712,1.04272,-2.392627,-0.266221,1.048864,-2.438376,-0.058889,1.212453,-1.722157
-0.391834,1.191666,-1.696152,0.363602,0.990233,-2.247761,-0.266176,0.949,-2.284836,-0.11345,1.243119,-1.655517
-0.404966,1.23017,-1.636643,0.367016,0.971906,-2.089946,-0.220226,0.928097,-2.114046,-0.140543,1.270868,-1.601575
-0.384153,1.306748,-1.628862,0.371255,0.991736,-1.851892,-0.11827,0.963964,-1.958336,-0.14871,1.289321,-1.561936
-0.32784,1.404472,-1.708409,0.389763,1.061376,-1.713018,-0.072049,0.962034,-1.911786,-0.128633,1.291253,-1.551869
-0.339485,1.471776,-1.869177,0.432817,1.139276,-1.777282,-0.044981,0.982006,-1.87882,-0.118794,1.389095,-1.646421
-0.372243,1.519282,-2.077502,0.421989,1.183844,-1.785204,-0.045162,1.026895,-1.860614,-0.136407,1.537333,-1.782179
-0.373504,1.506528,-2.258217,0.428753,1.190737,-1.825141,0.002266,1.025858,-1.82053,-0.053525,1.573379,-1.909342
-0.402867,1.36765,-2.333233,0.41003,1.177919,-1.847444,0.042142,1.045291,-1.803552,0.17367,1.420273,-2.226284
-0.378136,1.191724,-2.320437,0.3648,1.164475,-1.80353,0.040446,1.087063,-1.790642,0.21716,1.228572,-2.379158
-0.359255,1.079901,-2.24411,0.301462,1.155044,-1.716086,-0.020353,1.101439,-1.754432,0.062337,1.08723,-2.35154
-0.305978,1.029008,-2.149874,0.338075,1.201814,-1.643489,-0.015793,1.113934,-1.714655,0.045721,0.991517,-2.239205
-0.32743,0.968752,-2.077368,0.398253,1.262822,-1.614903,0.011403,1.159361,-1.706643,0.210706,0.940801,-2.115324
-0.305334,0.94034,-2.021355,0.392508,1.352385,-1.614774,0.014453,1.242654,-1.719934,0.262963,0.946623,-2.001616
-0.086344,1.025148,-1.920638,0.310551,1.483401,-1.657772,0.027923,1.365378,-1.737687,0.244904,1.034999,-1.946678
-0.090084,1.093879,-1.94591,0.296468,1.583678,-1.774376,0.128372,1.479087,-1.821074,0.263798,1.095283,-1.98606
-0.184146,1.156266,-1.978059,0.336811,1.601204,-1.956234,0.153067,1.529707,-2.022876,0.197056,1.102909,-1.965519
-0.293191,1.193178,-1.970667,0.299566,1.578367,-2.061331,0.003094,1.425794,-2.317561,0.072272,1.135345,-1.930951
-0.289492,1.183791,-1.952481,0.294066,1.603668,-2.051757,-0.164914,1.188642,-2.469547,0.0552,1.115643,-1.879683
-0.276457,1.165447,-1.872479,0.300051,1.615666,-2.07154,-0.176478,1.017299,-2.427224,0.103316,1.064816,-1.8202
-0.309949,1.223423,-1.784951,0.278412,1.591234,-2.02917,-0.099549,0.97784,-2.293929,0.122862,1.044033,-1.752543
-0.3533,1.281472,-1.67612,0.186716,1.515802,-1.874301,-0.038751,0.985137,-2.168089,-0.008072,1.093778,-1.684834
-0.351651,1.343825,-1.619468,0.158036,1.456807,-1.735765,0.0245,1.004896,-2.078186,-0.074206,1.180636,-1.652244
-0.327771,1.474124,-1.735965,0.285255,1.319615,-1.783308,0.064002,1.045271,-2.095173,-0.057245,1.305967,-1.665718
-0.351173,1.577433,-1.917917,0.308987,1.253842,-1.704489,0.129573,1.042585,-2.089074,-0.03011,1.472511,-1.781393
-0.39042,1.654699,-2.023539,0.359959,1.251423,-1.664553,0.193151,1.02763,-2.07128,0.077829,1.567152,-2.018766
-0.411579,1.62211,-2.122584,0.341666,1.255419,-1.641427,0.167386,1.020552,-2.062301,0.227189,1.56001,-2.294449
-0.393059,1.448939,-2.256448,0.316785,1.248638,-1.618813,0.107636,0.97714,-2.019327,0.220606,1.436395,-2.427043
-0.378361,1.245669,-2.341379,0.285893,1.245213,-1.602751,0.067221,0.941866,-1.970139,0.108142,1.242672,-2.42657
-0.337749,1.102993,-2.300714,0.269995,1.255007,-1.593989,0.053521,0.952741,-1.944182,0.136419,1.06168,-2.371568
-0.325889,1.028494,-2.205804,0.289569,1.278793,-1.586125,0.074287,0.976004,-1.916435,0.212628,0.946976,-2.26977
-0.335291,0.980634,-2.112843,0.29103,1.320531,-1.583629,0.078146,1.019214,-1.899827,0.254351,0.869993,-2.152099
-0.321586,0.965913,-2.039446,0.282908,1.306172,-1.577831,0.056518,1.093098,-1.906248,0.269164,0.819144,-1.976833
-0.155536,1.037134,-1.957857,0.225691,1.412047,-1.628459,0.02885,1.219841,-1.915556,0.282611,0.877379,-1.828043
0.02614,1.130638,-1.808605,0.215067,1.537841,-1.746781,-0.043313,1.37204,-1.944875,0.236619,0.999227,-1.888778
0.004786,1.216907,-1.795373,0.334148,1.60174,-1.903347,-0.0602,1.490773,-2.069059,0.114612,1.025658,-1.901655
-0.03435,1.257695,-1.789793,0.329056,1.507247,-2.083519,0.089762,1.461687,-2.292937,0.085874,1.05355,-1.888978
0.030142,1.271112,-1.736231,0.257336,1.274679,-2.239799,0.05485,1.300154,-2.392972,0.178491,1.068024,-1.867926
0.030703,1.29411,-1.71961,0.251184,1.103346,-2.316333,-0.152053,1.163268,-2.394293,0.220616,1.019165,-1.801651
-0.062785,1.323167,-1.717714,0.290558,1.016622,-2.273416,-0.226185,1.056551,-2.277244,0.129176,0.984734,-1.7334
-0.021921,1.356723,-1.768753,0.318722,0.982515,-2.134521,-0.149247,0.943327,-2.034925,0.051026,1.028244,-1.698731
-0.019623,1.398625,-1.773115,0.300127,0.982002,-2.035967,-0.090832,0.892924,-1.894669,-0.011254,1.113983,-1.704689
0.091991,1.412753,-1.726262,0.207962,1.031798,-2.024607,-0.095747,0.929226,-1.818374,-0.013595,1.240152,-1.719939
-0.043366,1.493371,-1.723472,0.165547,1.139148,-2.059638,-0.178561,0.916183,-1.713883,-0.073762,1.378093,-1.790714
-0.259602,1.627207,-1.960976,0.14709,1.227226,-2.119063,-0.200914,0.968979,-1.763441,0.116764,1.481388,-1.885511
-0.328485,1.607495,-2.286803,0.162496,1.275998,-2.113834,-0.181979,1.032587,-1.784476,0.314523,1.52563,-2.000804
-0.386321,1.461709,-2.475345,0.256647,1.288999,-2.060796,-0.077933,1.07696,-1.768286,0.217373,1.465729,-2.210224
-0.396699,1.269167,-2.474034,0.311267,1.282982,-1.967207,-0.00243,1.152675,-1.768232,0.099858,1.293688,-2.377013
-0.362441,1.128705,-2.351317,0.36724,1.282984,-1.894119,0.06491,1.211119,-1.763409,0.17333,1.149966,-2.389089
-0.365206,1.065898,-2.170115,0.404498,1.280091,-1.836995,0.103644,1.23156,-1.739275,0.241834,1.07668,-2.306454
-0.355421,1.054532,-1.991545,0.378284,1.305536,-1.816324,0.104662,1.24877,-1.718153,0.252196,1.05268,-2.194719
-0.357517,1.075772,-1.883342,0.303283,1.380031,-1.840724,0.074303,1.265837,-1.705095,0.221016,1.075612,-2.175122
-0.357267,1.120603,-1.745075,0.239935,1.474329,-1.79275,0.009091,1.331773,-1.702555,0.152612,1.083094,-2.155543
-0.299228,1.192121,-1.680412,0.173487,1.590041,-1.881277,-0.108958,1.454278,-1.741194,0.040452,1.065009,-2.109073
-0.311932,1.221698,-1.706213,0.253119,1.638801,-2.054037,-0.167979,1.557192,-1.941477,0.029648,1.07507,-2.085219
-0.231611,1.223828,-1.705632,0.357965,1.567961,-2.271698,-0.226492,1.511279,-2.259549,0.09274,1.08183,-2.051349
-0.265858,1.21982,-1.667025,0.376014,1.395128,-2.395739,-0.271507,1.338976,-2.426174,0.129205,1.045043,-1.973593
-0.346079,1.229956,-1.623792,0.360091,1.217838,-2.417526,-0.206802,1.181074,-2.365698,0.110356,1.025131,-1.904168
-0.386394,1.267762,-1.662397,0.340066,1.085674,-2.337975,-0.130413,1.047826,-2.237588,0.045862,1.042801,-1.856808
-0.405816,1.30133,-1.648176,0.336893,1.000177,-2.206396,-0.144402,0.944374,-2.131052,0.00998,1.09615,-1.830915
-0.368892,1.329896,-1.593115,0.343786,0.987051,-2.091297,-0.189321,0.917136,-2.04083,0.050567,1.147903,-1.806748
-0.310742,1.395539,-1.564993,0.262856,1.033374,-2.020667,-0.237601,0.950978,-1.895052,0.066154,1.207631,-1.807353
-0.292827,1.48183,-1.605056,0.16056,1.106985,-1.987921,-0.223386,1.005532,-1.893292,-0.043116,1.319391,-1.866149
-0.293181,1.5787,-1.737732,0.09157,1.144931,-1.830429,-0.118334,1.002475,-1.861844,-0.092939,1.452489,-1.900916
-0.346998,1.629281,-2.010405,0.095719,1.189285,-1.805048,-0.037979,0.995726,-1.832668,-0.178317,1.534482,-2.009123
-0.345641,1.508886,-2.279286,0.104608,1.233889,-1.813203,-0.027861,1.04232,-1.842557,-0.145827,1.453811,-2.190818
-0.362857,1.310632,-2.420215,0.099836,1.256399,-1.796215,-0.019987,1.080858,-1.831231,-0.075365,1.296017,-2.337146
-0.348664,1.144016,-2.409323,0.116879,1.268098,-1.776475,0.013535,1.094033,-1.790408,-0.054635,1.125478,-2.378401
-0.333907,1.039202,-2.31401,0.156613,1.28564,-1.774006,0.07735,1.105922,-1.748222,0.070781,0.953593,-2.311715
-0.331779,0.932918,-2.197405,0.195251,1.304437,-1.763229,0.133967,1.117963,-1.704535,0.230765,0.828166,-2.206718
-0.315133,0.901448,-2.100501,0.245241,1.334413,-1.723972,0.17347,1.116004,-1.647435,0.281752,0.770805,-2.10451
-0.209225,0.989494,-2.025936,0.273969,1.42633,-1.679211,0.202185,1.137398,-1.632412,0.279588,0.783227,-2.015905
-0.045574,1.094084,-1.872845,0.267252,1.558544,-1.874382,0.227762,1.266087,-1.695844,0.238023,0.792719,-1.97316
-0.073653,1.179132,-1.948012,0.328476,1.625892,-2.162444,0.24923,1.450884,-1.833549,0.185928,0.848182,-1.948068
-0.154922,1.243453,-1.957375,0.360592,1.430381,-2.36974,0.173442,1.493258,-2.146502,0.075095,0.889987,-1.87583
-0.211186,1.288101,-1.882745,0.39756,1.229622,-2.420485,0.065676,1.387298,-2.41607,0.13234,0.812228,-1.777893
-0.200151,1.309312,-1.752144,0.410491,0.970733,-2.342136,-0.021845,1.1318,-2.493251,0.247067,0.778905,-1.737724
-0.056206,1.316814,-1.633756,0.399568,0.72494,-2.221795,0.058789,0.900897,-2.394059,0.328977,0.863826,-1.709043
0.094337,1.304804,-1.595907,0.335029,0.611218,-2.070727,0.099756,0.7989,-2.17439,0.398446,1.000362,-1.7415
0.105241,1.323265,-1.66096,0.303402,0.642508,-2.010726,0.049667,0.789643,-1.962941,0.372366,1.083805,-1.820707
-0.03028,1.318279,-1.814896,0.30954,0.709116,-1.995593,-0.027932,0.797133,-1.995738,0.267601,1.123572,-1.91119
-0.189756,1.416844,-1.984225,0.185736,0.686835,-1.814519,-0.138283,0.798082,-2.00997,0.192821,1.162896,-1.919204
-0.207859,1.454289,-2.159642,0.040538,0.68601,-1.746073,-0.134582,0.816314,-1.995524,0.212224,1.177772,-1.942904
-0.235506,1.363279,-2.350723,0.041153,0.770129,-1.886477,-0.105129,0.874829,-1.983555,0.223629,1.164212,-2.030965
-0.266382,1.222162,-2.364819,0.052913,0.814486,-1.976506,-0.0093,0.910206,-1.943774,0.276875,1.09433,-2.245077
-0.288908,1.09784,-2.419778,0.066305,0.842513,-2.036252,0.090785,0.900108,-1.902526,0.277007,0.925849,-2.399067
-0.298189,0.952495,-2.403989,-0.044083,0.886313,-2.027298,-0.023997,0.897708,-1.925747,0.264188,0.784209,-2.423132
-0.286283,0.844157,-2.311558,-0.155876,0.969907,-1.973949,-0.177177,0.833928,-1.979965,0.306767,0.719849,-2.360555
-0.278687,0.732278,-2.185798,-0.205551,1.067857,-1.940894,-0.173062,0.817311,-2.021256,0.237408,0.68598,-2.247738
-0.267718,0.621102,-2.065412,-0.179602,1.166695,-1.953914,-0.144653,0.905926,-2.088467,0.141003,0.637385,-2.13802
-0.298144,0.627443,-1.938566,-0.078082,1.242338,-1.997479,-0.151797,0.964555,-2.120129,0.144219,0.667826,-2.173663
-0.235632,0.779513,-1.88753,-0.049633,1.282866,-2.097616,-0.195682,1.098255,-2.17929,0.142848,0.720661,-2.239114
-0.119761,0.87231,-1.832644,-0.137506,1.351496,-2.256368,-0.251675,1.200581,-2.282956,0.061445,0.78912,-2.283228
-0.115737,0.926387,-1.917275,-0.084242,1.380473,-2.277075,-0.161614,1.228156,-2.404687,0.027604,0.851669,-2.312423
-0.072117,0.988778,-1.950623,0.09939,1.244373,-2.217567,0.015541,1.170362,-2.524215,0.076871,0.931242,-2.352347
-0.017981,1.027316,-1.91356,0.276647,1.081592,-2.143521,0.045923,0.996421,-2.541192,0.134859,1.021194,-2.389811
0.018164,1.074155,-1.888458,0.244075,0.966077,-2.139082,-0.00862,0.901594,-2.475179,0.18067,1.091425,-2.392398
0.025498,1.096164,-1.909991,0.165129,0.88576,-2.118791,-0.011649,0.907023,-2.408453,0.173236,1.114369,-2.349895
0.042323,1.135672,-1.944321,0.089929,0.855513,-2.069733,-0.016067,0.901469,-2.366969,0.180022,1.123274,-2.271645
0.031385,1.196795,-1.976429,0.021214,0.838719,-2.024406,-0.05071,0.887861,-2.314181,0.238805,1.186109,-2.167904
0.090254,1.241294,-2.021091,0.011783,0.818357,-2.003246,-0.071425,0.87738,-2.256691,0.283498,1.222882,-2.105666
0.141953,1.341471,-2.101499,0.031395,0.803169,-1.924932,-0.039553,0.89783,-2.213844,0.283895,1.214621,-2.157491
-0.023515,1.40377,-2.194709,0.046805,0.855613,-1.99839,0.004345,0.920826,-2.164507,0.256566,1.170209,-2.311376
-0.244286,1.369645,-2.234652,-0.004693,0.903923,-2.09609,0.025251,0.967759,-2.128148,0.256516,1.088568,-2.47419
-0.349279,1.255822,-2.281958,-0.086766,0.925873,-2.103712,0.030265,0.993565,-2.139163,0.286677,0.948563,-2.536505
-0.354985,1.083641,-2.315254,-0.182632,0.961495,-2.040381,-0.003753,0.985783,-2.150291,0.300674,0.787803,-2.507367
-0.332067,0.885398,-2.271429,-0.200076,0.987826,-2.00166,-0.009995,1.039952,-2.12937,0.291467,0.68044,-2.414527
-0.310103,0.718633,-2.13931,-0.153032,1.018825,-1.994814,0.009689,1.03811,-2.0806,0.299363,0.654402,-2.286891
-0.277608,0.721385,-2.024647,-0.106089,1.071383,-1.982168,0.063887,1.126079,-2.07131,0.284917,0.686919,-2.165632
-0.212798,0.817599,-1.93256,-0.141438,1.091408,-1.97851,0.114028,1.259988,-2.083407,0.249892,0.719641,-2.088028
-0.124814,0.86141,-1.853083,-0.179846,1.149248,-1.995993,0.120212,1.38791,-2.143198,0.123669,0.711891,-2.057006
-0.103552,0.943072,-1.886699,-0.160476,1.233814,-1.996727,0.173462,1.497131,-2.230036,0.069048,0.776294,-2.104025
-0.103236,1.0035,-1.899433,0.030676,1.270941,-2.031399,0.164113,1.518386,-2.369467,0.085744,0.840229,-2.146559
-0.124791,1.066142,-1.892787,0.272194,1.247873,-2.139843,-0.004942,1.429709,-2.485191,0.093803,0.884279,-2.182334
-0.126684,1.110126,-1.850651,0.268456,1.065962,-2.290585,-0.169066,1.252586,-2.485137,0.106179,0.941622,-2.217947
-0.148719,1.132297,-1.818478,0.225027,0.864725,-2.325738,-0.210607,1.091758,-2.354039,0.083927,0.990283,-2.228817
-0.117454,1.160215,-1.86152,0.146861,0.836009,-2.193247,-0.127664,1.002716,-2.220457,0.018005,1.040068,-2.223761
-0.035619,1.193532,-1.916221,0.14634,0.891854,-2.060202,-0.119895,0.98901,-2.171129,0.003225,1.077721,-2.223458
0.06656,1.215925,-1.93062,0.162074,0.901439,-1.996948,-0.129873,0.990883,-2.096237,0.084737,1.139368,-2.243352
0.015451,1.22244,-1.886089,0.083244,0.895194,-2.015536,-0.231631,1.008478,-2.020503,0.147416,1.173728,-2.231202
-0.219115,1.373294,-1.831617,-0.061342,0.925907,-2.064262,-0.269691,1.058278,-1.978807,0.141075,1.175035,-2.250394
-0.299964,1.553902,-1.868404,-0.110733,0.966512,-2.087549,-0.276494,1.060722,-1.979866,0.165764,1.171167,-2.347458
-0.338597,1.521583,-2.054742,-0.125173,1.028072,-2.049451,-0.297762,1.050904,-1.983142,0.234685,1.157835,-2.46105
-0.359762,1.259662,-2.298049,-0.126655,1.085277,-1.991952,-0.339297,1.012868,-1.972104,0.265602,1.12947,-2.521607
-0.35735,1.027704,-2.408039,-0.128197,1.126771,-1.941298,-0.316706,1.004835,-1.998816,0.256417,1.035506,-2.481034
-0.318898,0.902784,-2.34665,-0.102481,1.173469,-1.883725,-0.270062,1.060522,-2.029333,0.257717,0.88708,-2.360992
-0.301742,0.818139,-2.174354,-0.025797,1.210174,-1.869158,-0.148109,1.116146,-2.035629,0.253263,0.733175,-2.211909
-0.295511,0.762616,-2.03118,0.026376,1.257228,-1.877265,-0.027417,1.185084,-2.047025,0.228076,0.640348,-2.09209
-0.246802,0.709178,-1.93477,-0.014003,1.287971,-1.873874,-0.010135,1.294933,-2.06782,0.216739,0.605134,-2.028704
-0.26728,0.712358,-1.911646,-0.119931,1.263341,-1.94378,-0.038782,1.400272,-2.130817,0.162937,0.600791,-1.99516
-0.275125,0.803518,-1.955309,-0.113174,1.204248,-1.975644,-0.099849,1.482822,-2.160443,0.01737,0.649707,-2.005132
-0.148423,0.898411,-1.905464,0.058201,1.220049,-2.025587,-0.220555,1.513052,-2.175422,-0.007282,0.757253,-2.090444
-0.113665,0.950129,-1.880217,0.204621,1.278283,-2.116827,-0.267556,1.389998,-2.236916,-3.7e-05,0.843495,-2.163144
-0.049377,0.99292,-1.914705,0.236906,1.213966,-2.292812,-0.283378,1.234988,-2.20714,-0.057659,0.925747,-2.211372
-0.03943,1.031742,-1.942409,0.197752,1.017301,-2.382424,-0.258888,1.11397,-2.154725,-0.115123,1.008052,-2.236105
-0.026873,1.069575,-1.955419,0.197609,0.921089,-2.306791,-0.165924,1.012252,-2.12108,-0.107826,1.054008,-2.237473
-0.021713,1.130851,-1.966341,0.081904,0.901741,-2.145711,-0.177734,0.961755,-2.090576,-0.063787,1.088082,-2.227073
-0.05425,1.210026,-1.973622,-0.065386,0.89191,-2.050676,-0.235026,0.938446,-2.030525,-0.057816,1.133141,-2.214466
-0.144566,1.254698,-1.934188,-0.160999,0.93137,-2.027266,-0.290363,0.975954,-2.001682,-0.159631,1.189214,-2.179849
-0.112235,1.28676,-1.905498,-0.097559,0.977906,-1.953972,-0.281854,0.943031,-1.966118,-0.018106,1.21619,-2.185922
-0.208912,1.380996,-1.936977,-0.03324,1.078628,-1.961116,-0.301713,0.89294,-1.868958,0.141734,1.246413,-2.272007
-0.294255,1.444613,-2.07163,0.064781,0.980423,-1.937942,-0.249346,0.913785,-1.81577,0.067252,1.28052,-2.409628
-0.367369,1.33505,-2.248731,0.14336,0.898362,-1.8814,-0.155504,0.881815,-1.836632,0.069245,1.246231,-2.497756
-0.384148,1.187098,-2.297457,0.128378,0.975913,-1.855029,-0.106267,0.856944,-1.866668,0.171288,1.1302,-2.524141
-0.35834,1.077334,-2.241029,-0.01209,0.987683,-1.760009,-0.137287,0.945069,-1.965005,0.236729,0.927164,-2.452472
-0.303678,0.946389,-2.18418,-0.059045,1.033637,-1.696687,-0.143166,1.025726,-2.031622,0.209681,0.760818,-2.303426
-0.264119,0.82057,-2.09019,-0.012824,1.092536,-1.697678,-0.092594,1.096056,-2.067714,0.191315,0.675215,-2.141355
-0.198821,0.754863,-1.963282,0.042446,1.152649,-1.716225,-0.020933,1.190024,-2.104837,0.208764,0.638949,-2.027349
-0.105335,0.753572,-1.846933,-0.03158,1.230191,-1.785904,-0.042046,1.294696,-2.14973,0.178482,0.687081,-2.026475
0.00666,0.817193,-1.75027,-0.109845,1.246287,-1.995616,-0.06029,1.345277,-2.216343,0.056315,0.70267,-2.047069
0.015942,0.901316,-1.839163,-0.033666,1.220942,-2.153098,-0.003442,1.393294,-2.290783,-0.04913,0.723588,-2.094536
0.023874,0.97317,-1.905239,0.081205,1.127998,-2.178993,-0.0433,1.416398,-2.405501,-0.084108,0.797616,-2.190027
0.069106,1.013404,-1.900927,0.251186,1.058083,-2.190691,-0.198086,1.319661,-2.455885,-0.065175,0.890443,-2.285717
0.107835,1.07499,-1.931142,0.303983,0.996865,-2.18389,-0.242935,1.167542,-2.416966,-0.098043,0.963887,-2.32609
0.098362,1.085235,-1.96807,0.221298,0.921474,-2.172234,-0.158531,1.062658,-2.302524,-0.152498,0.984538,-2.306099
0.09233,1.067857,-1.975794,0.086367,0.885102,-2.139281,-0.065851,1.03424,-2.214551,-0.133539,0.998842,-2.283196
0.1755,1.064869,-1.973802,0.034934,0.896173,-2.064668,-0.076123,1.017042,-2.122997,-0.020377,1.036251,-2.262382
0.058469,1.155144,-1.944964,-0.037499,0.915901,-2.007767,-0.262049,0.998532,-2.03034,0.001094,1.108101,-2.266711
-0.19895,1.361341,-1.889665,-0.141553,0.975459,-2.02762,-0.256691,1.001434,-1.972863,-0.151726,1.15475,-2.251773
-0.285109,1.504484,-1.884331,-0.129789,1.02332,-2.000156,-0.24659,1.024856,-2.013053,-0.084883,1.165326,-2.300149
-0.284077,1.484005,-1.997676,-0.104056,1.097871,-1.997362,-0.217023,1.033036,-1.949286,0.12704,1.176416,-2.404334
-0.325883,1.320446,-2.178689,-0.105693,1.152882,-2.003714,-0.187179,1.085503,-1.937722,0.213611,1.188707,-2.490031
-0.363837,1.141386,-2.303887,-0.128151,1.188602,-1.981904,-0.20947,1.062337,-1.934455,0.213307,1.141474,-2.493116
-0.335872,1.009227,-2.29971,-0.158535,1.209705,-1.904228,-0.226264,1.081016,-1.960077,0.23553,0.964761,-2.406743
-0.310309,0.871992,-2.184685,-0.136001,1.232665,-1.833458,-0.169842,1.134709,-1.986322,0.241487,0.771197,-2.302031
-0.290818,0.749521,-2.051172,-0.076381,1.261718,-1.792836,-0.07974,1.175099,-1.990021,0.237907,0.662862,-2.188535
-0.247234,0.687758,-1.951944,-0.082595,1.246366,-1.855357,0.025966,1.244119,-2.009955,0.22857,0.627271,-2.083527
-0.195402,0.664535,-1.846018,-0.180752,1.150779,-1.981556,0.10046,1.342823,-2.067417,0.165827,0.642951,-1.999921
-0.166045,0.766269,-1.9437,-0.17408,1.194151,-2.043364,0.131258,1.435389,-2.159015,0.006199,0.684315,-2.007526
-0.162181,0.848438,-1.977196,-0.071486,1.298302,-2.035402,0.12177,1.503395,-2.298868,0.016076,0.780596,-2.090498
-0.185738,0.934459,-2.000818,0.154198,1.361645,-2.069424,0.022447,1.508048,-2.443837,0.000297,0.858647,-2.151972
-0.216172,0.993293,-2.008755,0.291455,1.257483,-2.222434,-0.099672,1.403106,-2.495969,-0.022203,0.88952,-2.184621
-0.187605,1.036344,-1.976881,0.251147,0.983257,-2.348901,-0.194396,1.224897,-2.433258,-0.000746,0.948738,-2.227612
-0.214497,1.064496,-1.95431,0.19659,0.847728,-2.235451,-0.163276,1.058892,-2.354424,-0.03199,1.003554,-2.24006
-0.229817,1.125051,-1.987404,0.142999,0.87538,-2.119839,-0.03392,0.970684,-2.253316,-0.101838,1.04765,-2.232309
-0.220179,1.1706,-1.967971,0.111797,0.934272,-2.108869,0.021219,0.956884,-2.164871,-0.126548,1.110114,-2.221468
-0.117253,1.20841,-1.916238,0.161556,0.982692,-2.095048,-0.043533,0.994217,-2.093355,0.025245,1.150493,-2.184965
-0.117298,1.316501,-1.863813,0.124921,1.029904,-2.06173,-0.25624,1.040337,-2.05575,0.0046,1.250915,-2.195446
-0.221263,1.440726,-1.864131,-0.010527,1.046111,-2.034551,-0.323047,1.059988,-1.971719,-0.069145,1.327048,-2.253357
-0.277735,1.471809,-1.953847,-0.071827,1.038999,-2.04682,-0.315597,1.097903,-1.968423,-0.040427,1.33095,-2.360255
-0.337364,1.421205,-2.166146,-0.061745,1.044314,-2.046865,-0.314176,1.029965,-1.901205,0.046317,1.341383,-2.435113
-0.381723,1.200903,-2.377173,-0.015323,1.088614,-1.980873,-0.325228,0.976341,-1.891126,0.210333,1.263904,-2.485776
-0.362602,0.970659,-2.432701,-0.031805,1.133951,-1.859333,-0.379184,1.002209,-1.901216,0.311729,1.083092,-2.459736
-0.320915,0.918776,-2.342636,-0.024407,1.187707,-1.815589,-0.360065,1.049036,-1.877415,0.306171,0.871158,-2.300483
-0.291422,0.891094,-2.214361,0.039619,1.234432,-1.8085,-0.255853,1.044387,-1.834404,0.248744,0.730498,-2.106802
-0.161648,0.770935,-2.094912,0.074092,1.287387,-1.789077,-0.213695,1.041851,-1.815246,0.226777,0.681321,-2.019818
-0.105332,0.847484,-2.129862,0.082954,1.343568,-1.822109,-0.195088,1.077397,-1.797139,0.281646,0.677905,-1.963461
-0.014882,0.914411,-2.09521,0.112825,1.392259,-1.81984,-0.204474,1.1755,-1.792648,0.186538,0.80122,-1.931934
0.073609,1.007013,-1.987905,0.175625,1.417426,-1.884927,-0.248013,1.333661,-1.86231,0.131396,1.000584,-1.955565
0.071027,1.126509,-1.955673,0.184645,1.408765,-2.067689,-0.287924,1.379403,-1.991083,0.103341,1.099375,-1.975739
0.073267,1.211822,-2.025237,0.279171,1.309027,-2.276544,-0.251608,1.218547,-2.138447,-0.047187,1.097948,-1.920984
0.07744,1.255236,-2.053084,0.37404,1.113455,-2.401885,-0.08741,0.988016,-2.205822,-0.035244,1.064077,-1.890755
0.133781,1.287695,-2.001106,0.312677,0.935579,-2.368511,0.00851,0.782589,-2.253463,0.069659,1.094875,-1.889932
0.094701,1.285582,-1.941554,0.235962,0.833545,-2.260086,-0.066844,0.68629,-2.203736,0.072522,1.15858,-1.88292
0.054172,1.328841,-1.928639,0.226968,0.81228,-2.1397,-0.104848,0.736963,-2.059498,0.001978,1.221712,-1.872698
0.013207,1.386302,-1.913724,0.136269,0.849532,-2.048225,-0.110737,0.835212,-1.882164,-0.064284,1.298318,-1.863512
-0.067531,1.408367,-1.960388,0.070952,0.912158,-2.058653,-0.125871,0.873617,-1.871793,-0.002423,1.365234,-1.804075
-0.110571,1.446178,-2.105244,-0.021019,0.966158,-2.086241,-0.155501,0.940284,-1.8839,0.072394,1.466231,-1.840811
-0.167114,1.43243,-2.261152,-0.002131,1.038967,-2.047799,-0.12982,1.001625,-1.88311,0.186099,1.508898,-2.059995
-0.33952,1.42733,-2.425067,0.057323,1.102353,-2.0679,-0.041772,1.044521,-1.853402,0.309056,1.4397,-2.277332
-0.427393,1.282328,-2.538721,0.0477,1.143131,-2.052031,-0.013925,1.085596,-1.811177,0.255762,1.273944,-2.380101
-0.405726,1.00989,-2.536168,-0.025863,1.160869,-1.969988,-0.106264,1.095726,-1.754964,0.23511,1.077256,-2.380872
-0.360423,0.842573,-2.433744,-0.017411,1.176435,-1.896743,-0.185432,1.050771,-1.686177,0.283997,0.937446,-2.295768
-0.326566,0.888724,-2.263119,0.02116,1.208261,-1.82098,-0.17032,1.036948,-1.664697,0.302545,0.910736,-2.085579
-0.239154,0.992726,-2.128816,0.036458,1.261324,-1.762195,-0.127966,1.103559,-1.665052,0.285245,0.914671,-1.955641
-0.087683,1.054182,-2.079072,0.027193,1.336752,-1.77556,-0.069053,1.180335,-1.650026,0.310172,0.832839,-1.868933
0.023529,1.121397,-2.076424,0.092521,1.386363,-1.909234,0.070809,1.286801,-1.648428,0.205946,0.753711,-1.730482
0.047284,1.190623,-2.070859,0.09033,1.351971,-1.961014,-0.047638,1.430434,-1.74457,0.194621,0.871458,-1.789144
0.013226,1.23605,-2.054326,0.076034,1.445983,-2.057158,-0.191147,1.529031,-1.987137,0.119887,0.937873,-1.800739
-0.057568,1.250085,-2.016425,0.204146,1.424195,-2.170998,-0.213297,1.395495,-2.264754,0.012109,0.926462,-1.787131
-0.10998,1.254594,-1.895837,0.353117,1.234632,-2.337843,-0.150721,1.10633,-2.420953,0.096535,0.822619,-1.756932
-0.111822,1.270786,-1.725804,0.383636,0.959802,-2.395847,-0.128282,0.849797,-2.429582,0.289865,0.813915,-1.733035
-0.045438,1.277673,-1.611811,0.366541,0.769971,-2.309479,-0.061712,0.693614,-2.336617,0.332764,0.933606,-1.773047
0.034057,1.288822,-1.595061,0.353346,0.746225,-2.164869,0.04639,0.700246,-2.10254,0.315497,1.067149,-1.872367
-0.013157,1.300726,-1.666326,0.328131,0.828069,-2.047324,0.037579,0.771657,-1.861607,0.274756,1.167084,-1.931113
-0.211312,1.322926,-1.82385,0.237847,0.846261,-1.952984,-0.062569,0.776672,-1.874777,0.229524,1.170648,-1.901819
-0.001009,0.891256,-1.79032,0.004876,0.884738,-1.78778,-0.000977,0.882516,-1.781106,0.000839,0.886604,-1.782802
-0.000975,0.971773,-1.772294,0.112706,0.90139,-1.829529,0.002661,0.869499,-1.764136,0.004418,0.883287,-1.770997
-0.012603,1.136284,-1.710565,0.330726,0.921711,-1.839387,-0.016021,0.903063,-1.784223,-0.016406,0.931424,-1.788832
-0.030895,1.297084,-1.675194,0.363945,0.89351,-1.717335,-0.046675,0.954996,-1.799925,-0.07182,1.074156,-1.795166
-0.089031,1.468497,-1.82775,0.270397,0.915563,-1.626035,-0.030436,0.971073,-1.778075,-0.127542,1.300397,-1.899643
-0.134495,1.565065,-2.092458,0.179219,0.981915,-1.667512,0.000397,0.999424,-1.759555,-0.194547,1.428,-2.061839
-0.202268,1.483351,-2.165536,0.123358,1.046926,-1.71769,-0.005359,1.074572,-1.77787,-0.193281,1.418784,-2.143542
-0.244519,1.281979,-2.132359,0.062322,1.094412,-1.748813,-0.014379,1.141701,-1.772639,-0.155191,1.305101,-2.167997
-0.269607,1.058134,-2.051619,0.023091,1.133889,-1.767707,0.000905,1.175066,-1.724306,-0.092486,1.147533,-2.095269
-0.31074,0.91696,-1.987046,0.022619,1.174617,-1.740321,-0.054123,1.165496,-1.665618,0.018571,1.015821,-2.008442
-0.312232,0.758944,-1.860849,0.063585,1.217423,-1.649808,-0.190996,1.11141,-1.679046,0.13644,0.914861,-1.975186
-0.271117,0.695533,-1.693904,0.140655,1.261046,-1.536657,-0.255675,1.081999,-1.690112,0.198143,0.834342,-1.945049
-0.13458,0.806323,-1.581653,0.208315,1.277969,-1.626242,-0.234277,1.114692,-1.690514,0.235713,0.80982,-1.870522
-0.124441,0.908444,-1.623167,0.184794,1.235606,-1.850677,-0.188517,1.144729,-1.732959,0.202975,0.838896,-1.852978
-0.150291,0.987691,-1.674602,0.303776,1.341356,-1.955395,-0.110471,1.257058,-1.844114,0.190343,0.870483,-1.821067
-0.10882,1.059944,-1.691532,0.366955,1.439944,-2.036825,-0.030912,1.27575,-2.008742,0.21391,0.968889,-1.825849
-0.075072,1.135444,-1.701688,0.297632,1.391679,-2.123341,-0.125407,1.215153,-2.135302,0.224642,1.073514,-1.828842
-0.096415,1.208088,-1.710738,0.261343,1.226488,-2.181099,-0.162231,1.15726,-2.142174,0.201772,1.116599,-1.785544
-0.079376,1.260173,-1.676306,0.31997,1.080037,-2.213042,-0.146513,1.035756,-2.071147,0.24397,1.144415,-1.741003
-0.025103,1.28901,-1.606196,0.338032,0.972168,-2.139908,-0.179441,0.883467,-1.989468,0.321523,1.18326,-1.710131
-0.023696,1.310494,-1.548417,0.311561,0.878964,-2.010032,-0.21955,0.798316,-1.862451,0.336429,1.191383,-1.653888
-0.115829,1.33019,-1.53511,0.274523,0.894213,-1.964885,-0.275519,0.805266,-1.793936,0.201067,1.2031,-1.608941
-0.15542,1.365816,-1.613264,0.332075,0.948097,-1.918014,-0.304368,0.805462,-1.754919,0.063442,1.280092,-1.724113
-0.228264,1.450788,-1.892881,0.405085,1.023644,-1.886849,-0.261712,0.84666,-1.74207,-0.055203,1.366504,-2.010461
-0.324877,1.518448,-2.182646,0.506818,1.090152,-1.826795,-0.172778,0.929688,-1.747099,-0.211219,1.40526,-2.286813
-0.412715,1.417167,-2.390967,0.541831,1.133702,-1.736854,-0.130476,1.038101,-1.758715,-0.286175,1.306214,-2.416291
-0.392721,1.229402,-2.477739,0.462726,1.157316,-1.651821,-0.18759,1.128226,-1.756008,-0.264097,1.081972,-2.3668
-0.347759,1.069689,-2.460112,0.397449,1.185002,-1.765178,-0.213865,1.164805,-1.718217,-0.111607,0.906344,-2.188525
-0.324998,0.962757,-2.343571,0.395148,1.13788,-1.914172,-0.143076,1.176458,-1.666655,0.126155,0.861341,-1.963476
-0.339838,0.916697,-2.192641,0.414839,1.147543,-2.009598,-0.042036,1.155692,-1.649292,0.232055,0.859705,-1.8472
-0.30172,0.93518,-2.158487,0.448247,1.17415,-2.062072,0.033082,1.127847,-1.624429,0.189392,0.835046,-1.736156
-0.330215,0.992514,-2.167625,0.384862,1.194011,-2.025868,0.020254,1.159674,-1.613059,0.075692,0.852813,-1.659488
-0.34236,1.030217,-2.101693,0.290062,1.303906,-2.016432,-0.054266,1.255619,-1.66929,0.010793,0.924531,-1.633623
-0.245852,1.045449,-2.006658,0.332227,1.450895,-2.116274,-0.034261,1.373168,-1.803424,0.028072,1.036527,-1.641976
-0.2389,1.062195,-1.885573,0.320224,1.505201,-2.215637,-0.058451,1.441129,-2.063184,-0.00786,1.145458,-1.635431
-0.275707,1.093381,-1.802238,0.400492,1.462183,-2.324484,-0.124811,1.407025,-2.33933,-0.064265,1.2328,-1.627021
-0.230977,1.119796,-1.725549,0.411482,1.311618,-2.381502,-0.150785,1.279554,-2.451378,-0.026246,1.296031,-1.616693
-0.204527,1.13706,-1.683689,0.359022,1.135363,-2.331618,-0.138781,1.144125,-2.365992,0.00233,1.300271,-1.572661
-0.243663,1.154964,-1.662282,0.329313,1.020637,-2.170243,-0.096808,1.032168,-2.129293,-0.037916,1.279882,-1.511274
-0.276813,1.166846,-1.615492,0.328499,0.971027,-1.994483,-0.033379,0.94813,-1.892172,-0.063798,1.278199,-1.458945
-0.26999,1.205122,-1.578649,0.316641,0.99941,-1.945826,0.052369,0.921556,-1.70306,-0.079936,1.299289,-1.445374
-0.243333,1.284596,-1.648975,0.338837,1.040725,-1.910651,0.057177,0.95052,-1.685895,-0.106531,1.340232,-1.528648
-0.294554,1.413747,-1.756283,0.379385,1.067379,-1.818302,0.073265,0.999629,-1.680072,-0.032454,1.401722,-1.714395
-0.360886,1.545592,-1.898303,0.338484,1.089131,-1.718711,0.030424,1.066719,-1.692326,-0.009534,1.481843,-1.918319
-0.362317,1.56298,-2.045228,0.27734,1.121963,-1.680974,0.010878,1.116307,-1.693043,-0.069676,1.506712,-2.072791
-0.377334,1.425548,-2.218792,0.267378,1.141048,-1.667541,0.021182,1.142986,-1.688507,-0.130009,1.384644,-2.192344
-0.367295,1.207942,-2.316521,0.275226,1.156085,-1.664792,0.033171,1.165684,-1.68962,-0.209178,1.17688,-2.24102
-0.348721,1.008868,-2.276742,0.31268,1.17518,-1.66807,0.052086,1.162519,-1.674382,-0.253133,0.998915,-2.187957
-0.324956,0.883935,-2.155488,0.352018,1.193845,-1.753662,0.084741,1.13311,-1.641655,-0.250625,0.900449,-2.07477
-0.340047,0.855993,-2.062106,0.374054,1.21729,-1.838674,0.112734,1.087623,-1.596741,-0.225103,0.870379,-2.02538
-0.387104,0.920046,-2.120289,0.350215,1.251668,-1.905261,0.14146,1.124303,-1.53904,-0.204471,0.840073,-1.978038
-0.398719,0.982498,-2.107215,0.324619,1.312944,-1.986246,0.202198,1.232826,-1.592934,-0.166317,0.839645,-1.937498
-0.371317,1.03277,-2.047062,0.337653,1.326743,-2.050396,0.189284,1.35659,-1.737187,-0.124426,0.879022,-1.912379
-0.313576,1.075331,-1.993531,0.345292,1.30219,-2.20418,0.067008,1.454759,-1.92821,-0.091793,0.934385,-1.885637
-0.299894,1.111427,-1.954564,0.375634,1.269888,-2.418803,-0.004629,1.47485,-2.18711,-0.091348,0.970436,-1.841091
-0.275177,1.139564,-1.867797,0.40143,1.171119,-2.527802,0.027058,1.366883,-2.383059,-0.068436,1.018899,-1.799008
-0.273191,1.16538,-1.76796,0.374089,1.047873,-2.451092,0.013965,1.188099,-2.393463,-0.057108,1.061251,-1.745786
-0.313694,1.192011,-1.696875,0.346962,0.976825,-2.285428,-0.058447,0.995005,-2.280982,-0.089246,1.078835,-1.674156
-0.349736,1.213894,-1.649791,0.346169,0.94601,-2.117452,-0.098405,0.815575,-2.120768,-0.134507,1.093203,-1.603941
-0.295557,1.233625,-1.664879,0.366485,0.988397,-2.053092,-0.033874,0.706446,-1.865229,-0.174297,1.145607,-1.592963
-0.28712,1.286753,-1.650415,0.341184,1.065269,-1.997337,0.076698,0.769537,-1.667674,-0.136014,1.222619,-1.616056
-0.305353,1.371635,-1.688678,0.340126,1.112327,-1.884702,0.054994,0.886476,-1.736502,-0.054869,1.326739,-1.770987
-0.343493,1.48687,-1.826004,0.363097,1.137894,-1.77378,0.040174,0.942119,-1.746858,-0.064023,1.42284,-1.920693
-0.381066,1.54101,-2.123889,0.354639,1.159282,-1.688128,0.009048,0.993482,-1.761002,-0.094189,1.464128,-2.136538
-0.392976,1.410278,-2.387657,0.343408,1.180446,-1.64983,0.002174,1.032799,-1.762971,-0.158485,1.352682,-2.270931
-0.387987,1.171745,-2.448636,0.362841,1.194172,-1.635439,0.03087,1.057152,-1.750596,-0.210253,1.100745,-2.22297
-0.354713,0.950606,-2.37746,0.371075,1.204839,-1.730014,0.079535,1.06999,-1.730566,-0.252453,0.859244,-2.103056
-0.341323,0.818341,-2.233992,0.395977,1.215704,-1.821458,0.144178,1.059373,-1.69318,-0.227147,0.750753,-1.993907
-0.394599,0.884018,-2.296865,0.405203,1.232439,-1.863878,0.165668,1.017104,-1.632284,-0.199654,0.728693,-1.953661
-0.41902,0.97413,-2.288835,0.359777,1.251277,-1.904206,0.182563,1.057481,-1.569941,-0.181504,0.755463,-1.930741
-0.389002,1.035647,-2.204832,0.317354,1.305818,-2.000414,0.165566,1.17839,-1.584604,-0.147468,0.814565,-1.919197
-0.334901,1.064783,-2.080005,0.331332,1.385862,-2.045468,0.011664,1.311982,-1.698083,-0.116023,0.89527,-1.908288
-0.294665,1.092262,-1.976831,0.357778,1.450276,-2.111385,-0.163935,1.432388,-1.865478,-0.100744,0.950086,-1.864543
-0.269875,1.116342,-1.891412,0.395275,1.460648,-2.252325,-0.181953,1.488568,-2.146035,-0.091497,0.988392,-1.811999
-0.219188,1.134741,-1.787037,0.410431,1.366256,-2.388077,-0.055942,1.401981,-2.397269,-0.04015,1.040979,-1.777878
-0.172126,1.166591,-1.696653,0.382063,1.202097,-2.3983,0.016371,1.245191,-2.432078,0.014768,1.092348,-1.746491
-0.155577,1.194578,-1.644499,0.349664,1.06752,-2.290436,-0.025451,1.084219,-2.311944,0.035352,1.121766,-1.700926
-0.162652,1.217231,-1.62426,0.326775,0.98811,-2.143316,-0.095894,0.927117,-2.111146,0.008532,1.129212,-1.634352
-0.173378,1.236168,-1.608389,0.315867,0.96007,-2.02018,-0.102956,0.830801,-1.879527,-0.039067,1.14421,-1.569262
-0.21446,1.275374,-1.596265,0.314032,0.973891,-1.893704,-0.021069,0.842307,-1.676992,-0.036144,1.207995,-1.574511
-0.272827,1.353178,-1.668814,0.357341,1.055157,-1.889695,-0.003376,0.900509,-1.689562,-0.002447,1.3133,-1.730905
-0.314068,1.477464,-1.823175,0.362668,1.115494,-1.862554,-0.031787,0.953069,-1.709786,-0.131773,1.421884,-1.93304
-0.32645,1.547948,-2.045624,0.348756,1.147373,-1.796955,-0.05294,1.031808,-1.736548,-0.21029,1.480115,-2.147585
-0.366125,1.477846,-2.292219,0.343379,1.162863,-1.742972,-0.050168,1.093933,-1.744354,-0.211165,1.399037,-2.297447
-0.381195,1.287727,-2.408651,0.341535,1.169319,-1.705144,-0.034454,1.130423,-1.729128,-0.225415,1.165748,-2.317754
-0.363797,1.081502,-2.381688,0.35865,1.176075,-1.673595,-0.00638,1.146396,-1.698746,-0.248148,0.913422,-2.205016
-0.337623,0.890293,-2.256349,0.380569,1.191872,-1.776447,0.048132,1.140443,-1.652288,-0.244738,0.781682,-2.05348
-0.336849,0.811142,-2.077522,0.371394,1.188078,-1.870847,0.117749,1.114973,-1.591953,-0.200271,0.766941,-1.987386
-0.380158,0.902914,-2.15296,0.367704,1.216218,-1.897084,0.127968,1.113557,-1.528295,-0.180375,0.770008,-1.95755
-0.400252,0.990345,-2.140573,0.339231,1.255527,-1.932602,0.160231,1.187884,-1.553364,-0.157133,0.813471,-1.954106
-0.380884,1.048279,-2.067074,0.317168,1.321084,-1.982004,0.164035,1.297754,-1.661018,-0.121584,0.873838,-1.948973
-0.31932,1.083034,-1.996881,0.321488,1.363445,-2.085153,0.103548,1.429662,-1.77523,-0.097256,0.943999,-1.934509
-0.3145,1.102803,-1.970858,0.356807,1.410746,-2.231607,-0.047065,1.493637,-1.974396,-0.147141,0.996891,-1.898007
-0.265858,1.115239,-1.923954,0.413413,1.360154,-2.368074,-0.097017,1.441642,-2.238035,-0.141379,1.041095,-1.855564
-0.173101,1.121416,-1.810923,0.394929,1.201463,-2.430699,-0.017381,1.291669,-2.396241,-0.045911,1.077098,-1.804565
-0.186019,1.158398,-1.709135,0.346764,1.07045,-2.34696,-0.020252,1.130199,-2.35538,0.006885,1.083979,-1.733577
-0.225586,1.194739,-1.689448,0.32768,0.992792,-2.190922,-0.105586,0.963189,-2.188404,-0.043856,1.080443,-1.654837
-0.252899,1.22993,-1.683278,0.324512,0.958469,-2.054858,-0.126454,0.825786,-1.981008,-0.098586,1.103231,-1.596895
-0.251005,1.257041,-1.653789,0.336053,0.966611,-1.908303,-0.082353,0.836253,-1.786965,-0.142727,1.168182,-1.614276
-0.278213,1.327203,-1.663371,0.376246,1.047952,-1.889274,0.004899,0.919392,-1.697796,-0.089048,1.257416,-1.680468
-0.323217,1.449156,-1.788583,0.385923,1.101774,-1.833287,-0.023523,0.974615,-1.715302,-0.094401,1.385817,-1.878884
-0.342501,1.545756,-1.991329,0.37518,1.128251,-1.754186,-0.054898,1.028374,-1.723025,-0.173875,1.460863,-2.079732
-0.374847,1.525639,-2.292868,0.39427,1.14851,-1.709937,-0.027979,1.073602,-1.725202,-0.211344,1.409085,-2.341226
-0.414855,1.337136,-2.461075,0.439248,1.168202,-1.68717,0.02076,1.106265,-1.714894,-0.237818,1.179034,-2.406524
-0.377593,1.092245,-2.438861,0.433212,1.177477,-1.656532,0.028494,1.144902,-1.708313,-0.264883,0.926678,-2.242032
-0.335959,0.881052,-2.306149,0.413111,1.192665,-1.767233,0.058919,1.147874,-1.67528,-0.246477,0.783373,-2.047503
-0.359845,0.826668,-2.227259,0.411459,1.198827,-1.846885,0.106748,1.109852,-1.613969,-0.203651,0.747464,-1.977268
-0.413537,0.924364,-2.28211,0.406268,1.210693,-1.871311,0.135374,1.102436,-1.537001,-0.175199,0.739194,-1.935661
-0.434961,1.013197,-2.248315,0.353349,1.263759,-1.921086,0.164233,1.163387,-1.545265,-0.15834,0.782753,-1.927523
-0.396661,1.063759,-2.142514,0.323181,1.346319,-2.013555,0.114584,1.269317,-1.628547,-0.125175,0.861425,-1.93222
-0.30994,1.083545,-2.021125,0.319998,1.435793,-2.069308,0.016827,1.413843,-1.715908,-0.09964,0.960926,-1.93035
-0.315161,1.093751,-1.962843,0.355437,1.498856,-2.152307,-0.096544,1.516721,-1.878809,-0.180588,1.017442,-1.88268
-0.286701,1.09756,-1.893292,0.423904,1.455064,-2.259628,-0.17267,1.479749,-2.169932,-0.207261,1.069286,-1.840987
-0.222072,1.111688,-1.777386,0.405044,1.297699,-2.317937,-0.169828,1.334745,-2.384526,-0.144067,1.112054,-1.796145
-0.189332,1.152953,-1.653662,0.38023,1.143067,-2.292629,-0.103851,1.180778,-2.386384,-0.051753,1.117179,-1.73535
-0.169819,1.172664,-1.605273,0.33582,1.030766,-2.167777,-0.105079,1.044074,-2.249842,-0.018844,1.112362,-1.668757
-0.190892,1.204521,-1.599018,0.312107,0.973001,-2.039237,-0.132726,0.939353,-2.031341,-0.050302,1.115101,-1.606327
-0.190663,1.235895,-1.573751,0.325348,0.963819,-1.947649,-0.073966,0.904653,-1.777798,-0.06661,1.162747,-1.568676
-0.218417,1.294234,-1.615267,0.334258,0.991362,-1.79636,-0.028937,0.949229,-1.725506,-0.053825,1.252365,-1.665323
-0.3119,1.401536,-1.754021,0.189657,1.052525,-1.653513,0.013436,0.963427,-1.714375,-0.062141,1.357204,-1.852479
-0.328501,1.525462,-1.925225,0.100185,1.105497,-1.659109,0.081253,0.983408,-1.703562,-0.150038,1.447284,-2.101879
-0.323561,1.526703,-2.040074,0.075273,1.158542,-1.710438,0.081644,1.046427,-1.744133,-0.159149,1.445002,-2.309899
-0.332174,1.351512,-2.221777,0.013958,1.194397,-1.746402,0.051921,1.096049,-1.769136,-0.088372,1.315819,-2.350659
-0.31512,1.119297,-2.35032,0.007774,1.219585,-1.770843,0.071479,1.103467,-1.74142,-0.108145,1.096053,-2.240192
-0.342622,0.918309,-2.325895,0.101298,1.248694,-1.762965,0.160958,1.097229,-1.683672,-0.116964,0.982612,-2.131149
-0.398342,0.76872,-2.173257,0.19012,1.215461,-1.826564,0.107326,1.082453,-1.597638,-0.094208,0.94633,-2.036202
-0.350747,0.749248,-1.882382,0.326186,1.171033,-1.911681,0.041118,1.143509,-1.605707,-0.09138,0.878422,-1.909444
-0.330659,0.824948,-1.922214,0.319846,1.092427,-1.974081,0.150926,1.224155,-1.680154,-0.046564,0.823743,-1.778537
-0.306283,0.91639,-1.906365,0.26754,0.9973,-2.060155,0.168959,1.284932,-1.871008,-0.009854,0.850214,-1.697642
-0.278648,1.011054,-1.828028,0.321234,1.010301,-2.192566,0.003974,1.327388,-2.114784,0.007311,0.938275,-1.727699
-0.139671,1.102219,-1.732023,0.383712,1.092339,-2.272895,-0.169325,1.393263,-2.316709,0.099103,1.073518,-1.776319
-0.034902,1.159341,-1.694033,0.340238,1.160969,-2.332135,-0.162924,1.387516,-2.362351,0.081714,1.175832,-1.833374
0.035984,1.194815,-1.695235,0.326367,1.11929,-2.29977,-0.060749,1.290823,-2.269953,0.08103,1.213624,-1.830159
0.09378,1.238081,-1.721656,0.334841,0.98925,-2.164519,-0.084794,1.14094,-2.111097,0.120002,1.221281,-1.783764
0.124227,1.286884,-1.773779,0.335218,0.8459,-2.045038,-0.167281,1.003256,-1.964632,0.124402,1.201016,-1.720504
0.125623,1.328711,-1.812966,0.330288,0.727015,-1.843314,-0.182015,0.914443,-1.86609,0.073278,1.186632,-1.652676
0.156105,1.350518,-1.79469,0.342511,0.700942,-1.6205,-0.149375,0.901478,-1.823685,0.087168,1.20864,-1.667872
0.077446,1.350161,-1.768011,0.276616,0.756794,-1.55619,-0.153098,0.912816,-1.793202,0.164038,1.219922,-1.709239
-0.07494,1.408424,-1.870139,0.095869,0.783644,-1.55223,-0.209372,0.926406,-1.781141,0.112029,1.275054,-1.818848
-0.075307,1.435351,-1.985363,-0.100873,0.858093,-1.572379,-0.174872,0.940862,-1.752561,0.061966,1.324915,-1.98982
-0.149404,1.315846,-2.055488,-0.143824,0.946755,-1.628798,-0.094827,0.971099,-1.719784,0.108704,1.320884,-2.129277
-0.042116,1.080946,-2.086871,-0.111873,1.034912,-1.724025,-0.119725,0.967704,-1.69628,0.153667,1.18015,-2.168059
0.007423,0.901184,-2.031183,-0.186627,1.080959,-1.757779,-0.208116,0.906686,-1.738089,0.146768,0.95856,-2.111732
-0.087256,0.872528,-1.912696,-0.260142,1.123864,-1.802916,-0.222779,0.902093,-1.776331,0.175106,0.811416,-2.013686
-0.141078,0.881434,-1.773076,-0.27202,1.156957,-1.854231,-0.20924,0.865626,-1.824193,0.173921,0.708362,-1.929532
-0.188012,0.893832,-1.711184,-0.266937,1.188293,-1.885734,-0.191457,0.885391,-1.847047,0.198252,0.676109,-1.903089
-0.179034,0.922669,-1.733201,-0.177301,1.183208,-1.885591,-0.170148,0.990575,-1.905582,0.216878,0.651944,-1.863926
-0.220928,0.95868,-1.781062,0.021412,1.180672,-1.903739,-0.194633,1.084451,-2.016807,0.175336,0.646785,-1.847704
-0.254847,0.998517,-1.798587,0.199071,1.163114,-1.912107,-0.162519,1.14199,-2.14999,0.129241,0.695943,-1.866478
-0.225682,1.043412,-1.79521,0.276411,1.157923,-1.976574,-0.12776,1.166923,-2.230467,0.136596,0.788629,-1.91601
-0.213086,1.092646,-1.790699,0.227842,1.108222,-2.056971,-0.171897,1.17913,-2.253707,0.149063,0.858291,-1.939489
-0.204192,1.13679,-1.775652,0.189082,0.965922,-2.077865,-0.170209,1.136115,-2.253081,0.171563,0.895746,-1.930056
-0.151418,1.168077,-1.733683,0.171053,0.795717,-2.009625,-0.147143,1.0288,-2.22503,0.239419,0.938141,-1.925671
-0.103235,1.188887,-1.684961,0.076981,0.6841,-1.871937,-0.170647,0.901479,-2.157549,0.299619,0.979413,-1.921026
-0.144605,1.196636,-1.69432,0.020893,0.695112,-1.870283,-0.228993,0.829917,-2.020639,0.257507,0.943966,-1.897737
-0.169684,1.174821,-1.733877,-0.015093,0.736761,-1.877523,-0.241065,0.830304,-1.998581,0.252171,0.881651,-1.842123
-0.142586,1.186852,-1.747069,-0.003388,0.787329,-1.884427,-0.229679,0.854674,-1.990207,0.272218,0.925446,-1.831518
-0.093171,1.21805,-1.830212,0.027508,0.844525,-1.8816,-0.228946,0.880725,-1.974537,0.24936,1.009892,-1.890267
-0.070086,1.249819,-1.999894,0.056148,0.911273,-1.889911,-0.223954,0.916983,-1.958982,0.264944,1.091208,-1.982747
-0.053866,1.305038,-2.154905,0.072233,0.968078,-1.901521,-0.209451,0.951215,-1.930448,0.269358,1.136529,-2.078315
-0.056282,1.272178,-2.232659,0.060197,0.994422,-1.902708,-0.204385,0.956361,-1.874318,0.21992,1.069327,-2.159659
-0.10283,1.14469,-2.194687,0.031652,1.003178,-1.885451,-0.216535,0.942652,-1.805271,0.139844,0.925606,-2.187269
-0.156468,1.00134,-2.068579,0.030156,1.021851,-1.860976,-0.188582,0.914076,-1.79147,0.119083,0.806939,-2.125527
-0.205771,0.891203,-1.912196,0.025784,1.052608,-1.820966,-0.190278,0.923983,-1.803275,0.16403,0.714976,-2.038814
-0.249769,0.819589,-1.777484,0.008042,1.080784,-1.781308,-0.231031,0.955428,-1.803299,0.198464,0.634645,-1.963124
-0.25205,0.759539,-1.702566,-0.004473,1.107523,-1.749495,-0.261213,0.97595,-1.811427,0.145156,0.618407,-1.881654
-0.216083,0.708969,-1.695598,-0.034999,1.110019,-1.805969,-0.215561,1.034118,-1.865946,0.095642,0.671539,-1.858485
-0.188906,0.692439,-1.677329,-0.0493,1.077132,-1.926785,-0.091904,1.139197,-1.996685,0.108633,0.721589,-1.897054
-0.204303,0.707835,-1.651588,0.114454,1.080043,-2.019322,0.003661,1.22015,-2.099762,0.043675,0.778786,-1.923272
-0.246691,0.712563,-1.662689,0.197456,1.053883,-2.092393,-0.023766,1.230815,-2.205248,0.00464,0.798566,-1.883963
-0.295096,0.80264,-1.776399,0.045548,0.913908,-2.125313,-0.069242,1.179282,-2.273445,0.203001,0.784037,-1.820514
-0.265561,0.832308,-1.821359,-0.044867,0.73109,-2.069917,-0.126393,1.0787,-2.27959,0.300079,0.767265,-1.832931
-0.196741,0.846553,-1.803425,0.005743,0.608304,-1.890908,-0.176496,0.970125,-2.254154,0.290809,0.755428,-1.780367
-0.176345,0.862684,-1.734657,0.035821,0.63605,-1.864177,-0.191189,0.900378,-2.167916,0.233217,0.787942,-1.771114
-0.19774,0.84386,-1.721927,-0.00095,0.661273,-1.891017,-0.098513,0.866683,-2.050977,0.231631,0.805053,-1.781824
-0.212528,0.895796,-1.745468,0.039284,0.720395,-1.900226,-0.057317,0.887981,-1.996124,0.273353,0.849015,-1.799691
-0.258272,1.039521,-1.74756,0.042909,0.790621,-1.943768,-0.056974,0.930611,-1.985055,0.248921,0.948397,-1.880188
-0.229961,1.136996,-1.817599,0.038137,0.855842,-1.992546,-0.071391,0.973211,-1.968892,0.206329,1.070345,-2.011917
-0.172836,1.244175,-1.96305,-0.01152,0.907419,-2.028372,-0.067991,0.986003,-1.963441,0.225343,1.173496,-2.147418
-0.122207,1.26333,-2.088532,-0.094483,0.951538,-2.022935,-0.092432,1.018201,-1.964999,0.255461,1.209783,-2.242116
-0.07907,1.177039,-2.123065,-0.130969,0.968863,-2.025029,-0.076554,0.993389,-1.903018,0.20751,1.116861,-2.257373
-0.083139,1.063732,-2.07168,-0.152194,0.98491,-2.021512,-0.050344,0.973558,-1.861299,0.159074,0.985957,-2.17856
-0.172093,0.969748,-1.98908,-0.159826,1.014782,-2.035711,-0.051803,0.953973,-1.868374,0.148403,0.891368,-2.043926
-0.237554,0.915206,-1.894534,-0.150908,1.062087,-2.028585,-0.0627,0.989092,-1.880482,0.152333,0.795002,-1.905541
-0.259137,0.89693,-1.842645,-0.150199,1.08,-2.015905,-0.07462,0.996189,-1.87451,0.138348,0.814415,-1.894599
-0.249027,0.914004,-1.840744,-0.138295,1.133801,-1.995327,-0.067721,1.027588,-1.89411,0.131366,0.825758,-1.876314
-0.253296,0.950987,-1.867325,-0.076793,1.157447,-1.943911,-0.068158,1.096194,-2.014719,0.125339,0.853153,-1.875151
-0.256011,0.984656,-1.871304,0.083658,1.156566,-1.971828,-0.126455,1.196146,-2.186383,0.124584,0.879131,-1.868604
-0.286895,1.025107,-1.863787,0.200189,1.138604,-2.074686,-0.179546,1.244021,-2.331714,0.105024,0.898056,-1.850709
-0.269778,1.061439,-1.82506,0.248746,1.03112,-2.137391,-0.159569,1.157087,-2.390015,0.137274,0.933444,-1.844524
-0.177158,1.089861,-1.770125,0.232475,0.841568,-2.099945,-0.141406,1.030469,-2.361219,0.25373,0.970081,-1.849261
-0.114877,1.118233,-1.726381,0.135384,0.670557,-1.99803,-0.189904,0.933334,-2.253168,0.351286,0.984938,-1.842914
-0.108331,1.143324,-1.712456,0.045739,0.595518,-1.811476,-0.21805,0.843174,-2.096014,0.380357,0.974303,-1.819256
-0.119105,1.158334,-1.723125,0.050713,0.587626,-1.728448,-0.214957,0.786971,-1.970162,0.351851,0.947034,-1.811563
-0.140804,1.150415,-1.745065,0.065868,0.601858,-1.683655,-0.244688,0.760474,-1.850874,0.309083,0.924837,-1.860156
-0.149788,1.145506,-1.765416,0.068321,0.640119,-1.686413,-0.247419,0.730793,-1.748339,0.260958,0.948027,-1.973278
-0.1185,1.184022,-1.82151,0.042115,0.695312,-1.735366,-0.239598,0.736852,-1.742537,0.204906,1.079139,-2.084464
-0.116897,1.228078,-1.924643,0.052153,0.756527,-1.803203,-0.25524,0.762378,-1.766472,0.17426,1.213737,-2.197839
-0.141652,1.186475,-2.039254,0.014953,0.805879,-1.862663,-0.29437,0.803479,-1.797388,0.210584,1.253904,-2.282779
-0.198991,1.077069,-2.099289,-0.010965,0.836921,-1.92422,-0.30788,0.819107,-1.798253,0.232208,1.197573,-2.294585
-0.210198,0.936318,-2.065635,0.008605,0.862652,-1.976482,-0.268404,0.825236,-1.779939,0.218807,1.095566,-2.210729
-0.226834,0.784384,-1.99076,0.028332,0.888886,-2.004705,-0.22671,0.849989,-1.77483,0.213322,1.00612,-2.089558
-0.264849,0.677924,-1.966617,0.015167,0.897865,-1.996038,-0.210963,0.889648,-1.785987,0.22587,0.988995,-2.043062
-0.279021,0.658994,-1.93609,0.008246,0.893907,-1.960981,-0.182334,0.93738,-1.797323,0.250917,0.966512,-1.986349
-0.281274,0.671047,-1.907545,0.023066,0.901744,-1.923827,-0.171416,0.986278,-1.850763,0.267477,0.969288,-1.955144
-0.282781,0.677211,-1.906951,0.096273,0.919775,-1.911659,-0.213975,1.019782,-1.954562,0.229467,0.99485,-1.946579
-0.245892,0.717251,-1.892598,0.147692,0.984623,-1.97855,-0.231134,1.079914,-2.071686,0.056151,1.019741,-1.999068
-0.21673,0.78805,-1.96192,0.101972,1.035331,-2.123638,-0.18651,1.136753,-2.201979,0.063363,1.043254,-2.064172
-0.176608,0.88273,-1.962779,0.080522,0.965218,-2.242244,-0.211587,1.113023,-2.276588,0.147875,1.048496,-2.059935
-0.178643,0.982759,-1.958932,0.111941,0.799722,-2.179562,-0.232745,1.024492,-2.298399,0.149933,1.093262,-2.063292
-0.225144,1.04529,-1.937402,0.1289,0.648849,-1.994934,-0.182925,0.922783,-2.25955,0.171017,1.119994,-2.051556
-0.206541,1.076137,-1.872924,0.133594,0.62014,-1.92922,-0.162468,0.842167,-2.149197,0.20862,1.050728,-1.99308
-0.137745,1.074076,-1.833474,0.104396,0.662404,-1.929361,-0.222042,0.768176,-2.037126,0.225297,0.986391,-1.950442
-0.109557,1.073876,-1.83182,0.086157,0.726998,-1.929282,-0.231526,0.72997,-1.941562,0.250269,0.989151,-1.923866
-0.105555,1.11301,-1.853517,0.09011,0.821722,-1.918658,-0.231227,0.768779,-1.952833,0.23552,1.016544,-1.91507
-0.079527,1.159001,-1.944376,0.106863,0.889097,-1.910979,-0.24969,0.807976,-1.979896,0.194654,1.04077,-1.977325
-0.059878,1.214819,-2.088163,0.121384,0.960367,-1.879946,-0.287683,0.853535,-1.996172,0.207985,1.099037,-2.062937
-0.048876,1.238165,-2.204383,0.147285,1.027022,-1.855577,-0.306316,0.88453,-1.985644,0.243518,1.124953,-2.155224
-0.067582,1.151628,-2.259667,0.153244,1.065214,-1.831972,-0.318105,0.890511,-1.941092,0.213236,1.029491,-2.214393
-0.156806,1.008175,-2.247243,0.158756,1.082974,-1.810718,-0.313565,0.871345,-1.869628,0.148868,0.877535,-2.184603
-0.201475,0.890585,-2.129492,0.192461,1.100461,-1.784666,-0.228823,0.837027,-1.864031,0.144274,0.746129,-2.082997
-0.216762,0.790003,-1.954524,0.184104,1.118597,-1.75403,-0.210445,0.8232,-1.86575,0.149578,0.689136,-2.020334
-0.227123,0.785083,-1.826187,0.155101,1.112215,-1.770946,-0.188239,0.787992,-1.88812,0.142706,0.658527,-1.96771
-0.220702,0.867894,-1.745189,0.143365,1.099465,-1.793027,-0.184791,0.796471,-1.935286,0.14684,0.614865,-1.906982
-0.265685,0.902933,-1.734726,0.20801,1.058147,-1.839332,-0.212046,0.852337,-2.02632,0.120879,0.593176,-1.870307
-0.313145,0.970572,-1.779199,0.247038,1.052046,-1.944583,-0.20023,0.931247,-2.157147,0.101444,0.608771,-1.858903
-0.259526,0.938915,-1.751029,0.266422,1.069089,-2.104539,-0.174948,0.991082,-2.239983,0.13132,0.647344,-1.865332
-0.147564,0.84842,-1.714395,0.253272,1.026198,-2.23567,-0.229535,1.019998,-2.248687,0.154065,0.733856,-1.879191
-0.105501,0.903235,-1.754358,0.207418,0.874309,-2.264443,-0.223659,0.977153,-2.216383,0.194338,0.809123,-1.911098
-0.027973,0.950962,-1.774121,0.133048,0.698899,-2.123297,-0.189167,0.878535,-2.12391,0.277174,0.867712,-1.958537
0.02661,0.981146,-1.797287,0.061135,0.560679,-1.925544,-0.194646,0.780197,-2.039886,0.335811,0.907274,-1.989922
-0.063513,1.005913,-1.847048,0.003861,0.571326,-1.98521,-0.238557,0.750842,-1.951141,0.281177,0.894641,-1.971971
-0.179225,1.023882,-1.883224,-0.046597,0.604347,-1.995168,-0.233736,0.768451,-1.87912,0.237148,0.918195,-1.956157
-0.195392,1.05553,-1.949368,0.013195,0.676624,-2.001698,-0.232474,0.787879,-1.897232,0.229409,1.017428,-1.990529
-0.221864,1.101734,-2.022553,0.069219,0.767953,-2.026071,-0.227553,0.786241,-1.868746,0.199766,1.117435,-2.061567
-0.27523,1.145167,-2.105772,0.092238,0.845744,-2.049493,-0.246937,0.809827,-1.850217,0.219067,1.189495,-2.165651
-0.312886,1.174556,-2.164703,0.105787,0.909681,-2.080279,-0.233826,0.832145,-1.840307,0.248592,1.242804,-2.270218
-0.3227,1.108791,-2.185096,0.12065,0.958586,-2.093666,-0.187004,0.835645,-1.823656,0.21228,1.189787,-2.312714
-0.304353,0.988887,-2.149505,0.11593,0.997455,-2.084974,-0.116311,0.811598,-1.851113,0.163236,1.034898,-2.263414
-0.298698,0.92447,-2.079642,0.075225,1.038349,-2.054401,-0.082194,0.754791,-1.906117,0.153836,0.866868,-2.154649
-0.296033,0.97748,-2.09034,0.069291,1.065615,-2.000942,-0.091772,0.791679,-1.944076,0.141427,0.744199,-2.020035
-0.273534,0.999136,-2.066099,0.076592,1.08548,-1.944252,-0.099136,0.832121,-1.952221,0.105174,0.722209,-1.866051
-0.251553,1.016464,-2.006674,0.080472,1.105079,-1.904865,-0.042108,0.893616,-1.972122,0.102744,0.763064,-1.820572
-0.263353,1.03605,-1.950592,0.100214,1.10307,-1.867542,0.013148,0.964994,-2.011416,0.111557,0.774224,-1.80352
-0.284198,1.066715,-1.925457,0.187895,1.098817,-1.852275,-0.01968,1.034318,-2.099207,0.10689,0.790023,-1.790671
-0.263728,1.091632,-1.900189,0.224852,1.103711,-1.943126,-0.091435,1.081286,-2.230425,0.126364,0.824761,-1.791196
-0.253812,1.112883,-1.880576,0.228836,1.062614,-2.101853,-0.165611,1.080111,-2.337849,0.124384,0.860307,-1.785109
-0.217607,1.123831,-1.849283,0.257943,0.922982,-2.182912,-0.134097,1.000493,-2.367987,0.143431,0.897959,-1.777739
-0.128564,1.130349,-1.797406,0.236844,0.741313,-2.102637,-0.083278,0.897979,-2.306837,0.230867,0.928219,-1.783513
-0.057838,1.141646,-1.757141,0.116664,0.607997,-1.934835,-0.125361,0.802368,-2.190198,0.317266,0.942008,-1.781043
-0.04649,1.155172,-1.747883,0.076008,0.598316,-1.953698,-0.197189,0.726336,-2.059868,0.333864,0.907678,-1.773024
-0.102285,1.12933,-1.752068,0.065439,0.603801,-1.881997,-0.253755,0.673926,-1.916179,0.271874,0.837634,-1.812418
-0.195829,1.093047,-1.781348,0.012291,0.659415,-1.846537,-0.246571,0.640159,-1.785716,0.264571,0.869795,-1.900443
-0.184857,1.100845,-1.792221,-0.061674,0.691593,-1.809365,-0.164302,0.637023,-1.705664,0.256665,1.025931,-2.012568
-0.075812,1.143636,-1.844482,-0.037294,0.721423,-1.788985,-0.129659,0.677504,-1.7317,0.151314,1.160099,-2.127531
-0.016596,1.193953,-1.947062,-0.016013,0.757914,-1.800806,-0.152008,0.7412,-1.749776,0.12191,1.220459,-2.216841
-0.017151,1.180487,-2.051401,-0.011018,0.848417,-1.891008,-0.22233,0.799513,-1.770048,0.111312,1.193786,-2.259614
-0.079343,1.049808,-2.068868,-0.042193,0.902082,-1.981069,-0.275972,0.810209,-1.80099,0.081063,1.159318,-2.260364
-0.201671,0.933669,-2.061931,-0.065238,0.907799,-2.07486,-0.266029,0.80912,-1.807733,0.09768,1.109173,-2.228063
-0.270861,0.828816,-2.040473,-0.047119,0.916552,-2.094197,-0.214795,0.82462,-1.794721,0.150222,1.078811,-2.172476
-0.30802,0.719014,-1.998861,-0.049871,0.914957,-2.094303,-0.164819,0.852164,-1.782208,0.21275,1.009504,-2.10488
-0.297623,0.654826,-1.959556,-0.06994,0.9054,-2.056601,-0.174405,0.88354,-1.793808,0.245135,0.957908,-2.031955
-0.276156,0.644427,-1.926479,-0.05098,0.908707,-2.01373,-0.19009,0.937635,-1.866098,0.253449,0.947307,-1.99974
-0.299585,0.665236,-1.905976,0.024566,0.939998,-1.998073,-0.211612,1.005816,-1.967079,0.196809,0.967541,-2.006203
-0.276215,0.697201,-1.916685,0.11064,1.008634,-2.040903,-0.204364,1.090425,-2.078112,0.047336,0.998677,-2.036836
-0.243189,0.755048,-2.005056,0.154312,1.026756,-2.174251,-0.161185,1.127477,-2.198395,0.059135,1.065335,-2.078001
-0.20013,0.825379,-2.078701,0.205737,0.924594,-2.28691,-0.163593,1.068148,-2.240533,0.0985,1.137553,-2.119124
-0.159636,0.899604,-2.142321,0.231064,0.756385,-2.24365,-0.174822,0.960067,-2.20836,0.16785,1.189338,-2.142542
-0.190213,0.989649,-2.169125,0.171797,0.708948,-2.24478,-0.228308,0.888162,-2.128086,0.23421,1.185581,-2.12639
-0.248869,1.066057,-2.131727,0.074388,0.700655,-2.235389,-0.233981,0.843186,-2.029306,0.289201,1.141434,-2.075508
-0.264854,1.105234,-2.060745,0.02036,0.708745,-2.143177,-0.241859,0.769321,-1.930859,0.319487,1.123766,-2.024237
-0.23389,1.094173,-1.998638,0.028904,0.783382,-2.011849,-0.24192,0.78075,-1.919987,0.290944,1.153823,-1.99657
-0.210863,1.116347,-2.036652,0.000143,0.897255,-1.932533,-0.241415,0.758237,-1.884206,0.249636,1.17707,-2.016386
-0.263047,1.219277,-2.150721,-0.028156,0.989854,-1.90305,-0.214015,0.755055,-1.865766,0.232346,1.215962,-2.100935
-0.295302,1.286465,-2.221604,0.002044,1.03616,-1.872324,-0.177943,0.783684,-1.871057,0.153118,1.241736,-2.169571
-0.198705,1.251751,-2.222721,0.042859,1.082943,-1.822948,-0.157312,0.830637,-1.883342,0.060304,1.170139,-2.207451
-0.120544,1.105246,-2.197548,0.07438,1.12923,-1.802564,-0.164597,0.848235,-1.880202,0.016153,1.000756,-2.201174
-0.153921,0.949431,-2.131141,0.117103,1.187689,-1.816573,-0.161614,0.853382,-1.879214,0.081837,0.824055,-2.10786
-0.256148,0.85387,-1.998839,0.162732,1.243365,-1.835304,-0.13776,0.85301,-1.90535,0.167426,0.686669,-1.993931
-0.29202,0.84121,-1.976252,0.178376,1.259956,-1.842915,-0.134271,0.844389,-1.912889,0.179015,0.661101,-1.963534
-0.326806,0.861216,-1.979612,0.142427,1.230354,-1.801248,-0.15137,0.856043,-1.908864,0.154578,0.623985,-1.902317
-0.354888,0.901332,-1.933391,0.164583,1.188894,-1.808389,-0.160115,0.887051,-1.949277,0.14108,0.610733,-1.854683
-0.385366,0.941996,-1.901765,0.255071,1.152902,-1.864633,-0.17404,0.94124,-2.049454,0.120501,0.634614,-1.840514
-0.375406,0.986465,-1.863112,0.275688,1.129903,-1.955078,-0.16011,1.023085,-2.178618,0.108638,0.709054,-1.854957
-0.337172,1.029269,-1.824705,0.291179,1.101387,-2.06134,-0.166636,1.094232,-2.256154,0.125834,0.802709,-1.886711
-0.276234,1.06801,-1.781503,0.257904,1.007573,-2.120297,-0.181813,1.099652,-2.277629,0.178895,0.887464,-1.912727
-0.203161,1.097637,-1.743284,0.23185,0.845058,-2.092202,-0.161896,1.044132,-2.276489,0.26017,0.93114,-1.910258
-0.142808,1.117867,-1.70563,0.158423,0.706389,-1.989196,-0.161862,0.965472,-2.229577,0.330889,0.953787,-1.891552
-0.186126,1.130172,-1.707236,0.064234,0.692689,-1.969055,-0.219795,0.882462,-2.073599,0.290412,0.926445,-1.885638
-0.245465,1.162438,-1.710668,-0.026391,0.708078,-1.945649,-0.234354,0.888891,-2.003979,0.267702,0.873428,-1.863095
-0.214952,1.164586,-1.743584,-0.011714,0.766527,-1.927005,-0.223576,0.902252,-1.986205,0.264455,0.909517,-1.851856
-0.161175,1.180119,-1.801883,0.020193,0.828657,-1.925534,-0.200056,0.915105,-1.960115,0.265702,1.006534,-1.879859
-0.138447,1.223894,-1.920566,0.02985,0.874864,-1.938165,-0.189528,0.949649,-1.94902,0.253947,1.08164,-1.955572
-0.151454,1.276572,-2.06739,0.043719,0.924891,-1.965476,-0.16625,0.981952,-1.929331,0.26052,1.142963,-2.044068
-0.12836,1.272775,-2.180811,0.047708,0.968173,-1.972331,-0.155978,1.002321,-1.893617,0.251128,1.147369,-2.125393
-0.104229,1.200173,-2.206832,0.032862,0.991341,-1.961034,-0.173424,0.986113,-1.831202,0.195595,1.031042,-2.195124
-0.127505,1.069012,-2.136838,0.01867,1.011223,-1.939709,-0.189747,0.96671,-1.773021,0.16008,0.869622,-2.173405
-0.208741,0.948493,-2.027734,0.021708,1.035592,-1.92121,-0.122775,0.919862,-1.80606,0.165434,0.750383,-2.063613
-0.278383,0.843106,-1.896527,-0.011106,1.058561,-1.858328,-0.034565,0.853171,-1.849083,0.146244,0.661118,-1.968736
-0.314053,0.798596,-1.82885,-0.062398,1.070101,-1.757594,-0.050406,0.838357,-1.865444,0.084981,0.582986,-1.884357
-0.275455,0.836326,-1.793553,-0.000558,1.02837,-1.807113,-0.038064,0.932202,-1.865847,0.058341,0.594532,-1.745042
-0.21567,0.899013,-1.715657,0.132667,0.961129,-1.878727,-0.064534,1.113254,-1.936188,-0.004414,0.726035,-1.679871
-0.145417,0.999765,-1.652714,0.244887,1.041457,-1.91067,-0.089608,1.251348,-1.978935,-0.00314,0.906874,-1.789883
-0.169052,1.077831,-1.667753,0.294338,1.192824,-1.974385,-0.087404,1.370841,-2.019247,-0.012825,0.996896,-1.849616
-0.185997,1.146087,-1.695404,0.327656,1.225801,-2.058913,-0.115949,1.392469,-2.084216,-0.011871,1.049075,-1.868789
-0.152334,1.195457,-1.704281,0.331177,1.128598,-2.149159,-0.122914,1.282326,-2.116572,0.034068,1.081874,-1.862716
-0.077813,1.227559,-1.684071,0.320403,0.974017,-2.184337,-0.096752,1.128478,-2.133625,0.122794,1.100165,-1.835957
-0.033556,1.256149,-1.643947,0.314319,0.838723,-2.115813,-0.120896,1.01021,-2.068438,0.187927,1.102999,-1.782889
-0.04151,1.283284,-1.591627,0.313879,0.746219,-1.99839,-0.180203,0.928756,-1.948105,0.181385,1.106603,-1.724319
-0.045364,1.306251,-1.533397,0.347533,0.706066,-1.862185,-0.169948,0.863786,-1.801084,0.152356,1.145437,-1.720199
-0.078141,1.328544,-1.579704,0.314794,0.736974,-1.697479,-0.141062,0.89718,-1.789143,0.168352,1.168698,-1.682425
-0.192895,1.401414,-1.760774,0.195663,0.802611,-1.645078,-0.143884,0.895269,-1.758549,0.141501,1.182339,-1.764027
-0.167933,1.479723,-1.969442,0.14717,0.874957,-1.68946,-0.178342,0.937505,-1.750707,0.042487,1.216851,-1.905693
-0.200008,1.422248,-2.075585,0.123632,0.963387,-1.722373,-0.190332,1.019249,-1.757203,-0.00836,1.328989,-2.035821
-0.262393,1.242724,-2.11324,0.124308,1.047725,-1.762861,-0.181433,1.076817,-1.735584,-0.083879,1.33418,-2.100825
-0.317294,1.004636,-2.085831,0.130745,1.123056,-1.781815,-0.164596,1.124747,-1.699296,-0.107845,1.209274,-2.071395
-0.331455,0.809463,-2.010499,0.145491,1.189868,-1.748335,-0.19456,1.135192,-1.661226,-0.074709,1.055578,-2.054144
-0.31768,0.688729,-1.88525,0.192973,1.248142,-1.651779,-0.261817,1.085888,-1.717909,-0.018833,0.9209,-2.064604
-0.282659,0.665053,-1.756294,0.267856,1.288915,-1.514135,-0.261519,1.051548,-1.765861,0.065533,0.810948,-2.024933
-0.211866,0.726168,-1.764562,0.343225,1.259668,-1.600639,-0.21241,1.105092,-1.77982,0.141394,0.775577,-1.94032
-0.183819,0.774291,-1.809341,0.299418,1.237831,-1.892668,-0.107354,1.13195,-1.772487,0.178347,0.773403,-1.879647
-0.151302,0.871303,-1.780591,0.308124,1.344787,-2.083481,-0.041032,1.225222,-1.824437,0.240914,0.853711,-1.856463
-0.144525,0.977603,-1.75198,0.351632,1.400272,-2.123402,-0.104483,1.279063,-2.001313,0.280831,0.945066,-1.856611
-0.187488,1.075633,-1.736486,0.327145,1.399938,-2.152049,-0.212705,1.280707,-2.210523,0.272237,1.007867,-1.831821
-0.222436,1.154977,-1.724837,0.316365,1.316729,-2.293883,-0.231355,1.206373,-2.27132,0.254675,1.058306,-1.796487
-0.201621,1.203866,-1.695856,0.325904,1.167524,-2.368029,-0.193927,1.053385,-2.239482,0.270221,1.107216,-1.757375
-0.141748,1.231756,-1.641891,0.329558,1.018091,-2.293262,-0.204552,0.917812,-2.128499,0.318938,1.158072,-1.718166
-0.13627,1.256584,-1.588256,0.313333,0.913018,-2.152619,-0.258277,0.845929,-1.949294,0.321847,1.178812,-1.658417
-0.190964,1.28509,-1.550246,0.318234,0.852123,-1.999558,-0.267514,0.809966,-1.825588,0.264588,1.17713,-1.587757
-0.20388,1.311646,-1.589468,0.361806,0.82716,-1.79705,-0.255658,0.8417,-1.808425,0.260635,1.209052,-1.565866
-0.190797,1.339173,-1.743815,0.327833,0.80157,-1.650553,-0.22712,0.86882,-1.790327,0.195293,1.282687,-1.663416
-0.039997,1.392002,-2.032271,0.327807,0.863547,-1.718457,-0.233768,0.879827,-1.756668,-0.044984,1.358949,-1.818635
-0.076813,1.316712,-2.221459,0.228847,0.947616,-1.74487,-0.308132,0.950916,-1.771572,-0.189115,1.429366,-1.978962
-0.210748,1.328248,-2.277679,0.201312,1.014171,-1.797159,-0.313149,1.00496,-1.760588,-0.19504,1.415382,-2.075429
-0.178113,1.315345,-2.196349,0.258531,1.062432,-1.84481,-0.210618,0.980493,-1.699901,-0.219797,1.183988,-2.104112
-0.066241,1.225789,-2.032539,0.336985,1.124114,-1.908488,-0.100269,0.934957,-1.691849,-0.120484,0.914673,-2.056472
