-0.016306,0.984921,-1.739627,0.025497,0.870494,-1.762545,-0.014081,0.884308,-1.782831,0.008538,0.966085,-1.758146
-0.147692,1.200819,-1.666118,-0.024507,0.887624,-1.723578,-0.092616,0.912461,-1.817291,-0.055987,1.051205,-1.77499
-0.190348,1.417008,-1.65447,-0.0237,0.947184,-1.717178,-0.128705,0.964875,-1.846645,-0.097273,1.176273,-1.791951
-0.243173,1.589416,-1.792969,0.034596,1.01743,-1.723276,-0.118865,0.983715,-1.828607,-0.149298,1.367325,-1.90348
-0.314009,1.688255,-1.967121,0.082606,1.085206,-1.740638,-0.089155,1.016765,-1.811886,-0.196119,1.502971,-2.09189
-0.330454,1.683707,-2.180619,0.089121,1.14119,-1.761356,-0.069619,1.065449,-1.800017,-0.208603,1.52325,-2.216259
-0.338377,1.550504,-2.370694,0.054802,1.184675,-1.776567,-0.06952,1.118566,-1.78493,-0.174194,1.455745,-2.26106
-0.34372,1.393975,-2.420299,0.017607,1.215288,-1.772241,-0.070701,1.148024,-1.738519,-0.125452,1.352134,-2.277345
-0.330233,1.264169,-2.339876,0.036363,1.250513,-1.756978,-0.047978,1.150153,-1.671354,0.046221,1.2215,-2.226984
-0.356812,1.197058,-2.216006,0.042957,1.296023,-1.744797,-0.106003,1.129204,-1.687759,0.204675,1.054527,-2.120513
-0.338005,1.248948,-2.145025,0.053007,1.33042,-1.685054,-0.148105,1.13091,-1.701546,0.280871,0.924611,-2.032617
-0.299928,1.262335,-1.986303,0.037876,1.365283,-1.549809,-0.11919,1.227168,-1.668955,0.277767,0.927256,-1.910959
-0.281025,1.208463,-1.884051,0.080937,1.46278,-1.62089,0.01898,1.359905,-1.747228,0.29148,1.004159,-1.942868
-0.292507,1.161207,-1.84381,0.230177,1.614517,-1.809452,0.1281,1.485636,-1.914348,0.252124,1.003016,-1.922924
-0.375765,1.164855,-1.816124,0.344435,1.694115,-1.985172,0.13266,1.562696,-2.0919,0.162743,1.010396,-1.906134
-0.403751,1.148998,-1.804853,0.391942,1.648348,-2.095637,0.082541,1.553719,-2.204482,0.085491,1.046656,-1.900903
-0.358285,1.118305,-1.779987,0.379016,1.513155,-2.18507,-0.011421,1.457537,-2.25071,0.061497,1.088596,-1.889949
-0.303754,1.098224,-1.720271,0.358865,1.366025,-2.247313,-0.111083,1.339158,-2.2435,0.08196,1.109791,-1.859249
-0.296854,1.15044,-1.666544,0.335468,1.218716,-2.201353,-0.180568,1.226312,-2.165491,0.082933,1.127248,-1.824724
-0.281315,1.200119,-1.637866,0.320889,1.225754,-2.196644,-0.178483,1.137284,-2.026301,0.069723,1.127225,-1.783218
-0.250413,1.229916,-1.625508,0.311851,1.245035,-2.15242,-0.151002,1.091612,-1.897201,0.068147,1.104704,-1.699661
-0.171915,1.337676,-1.626832,0.314828,1.196329,-2.073642,-0.12584,1.066463,-1.847327,-0.017708,1.205099,-1.661588
-0.114334,1.521114,-1.737364,0.337584,1.137184,-2.063243,-0.056163,1.056652,-1.832369,-0.035217,1.393885,-1.739434
-0.253898,1.665282,-1.926991,0.302201,1.122543,-2.004296,0.027048,1.054806,-1.802384,0.063231,1.551836,-1.912184
-0.348736,1.697065,-2.058969,0.270258,1.183491,-2.00192,0.063781,1.068865,-1.786588,0.104711,1.607159,-2.07951
-0.347743,1.566664,-2.111479,0.230908,1.211434,-1.96798,0.002821,1.146037,-1.864559,0.053674,1.535776,-2.221404
-0.329713,1.388908,-2.093584,0.217967,1.213727,-1.932058,-0.04612,1.161848,-1.893536,0.117241,1.409805,-2.318256
-0.338543,1.237997,-2.105884,0.17507,1.211326,-1.905025,-0.127451,1.128325,-1.881268,0.217508,1.294927,-2.317098
-0.323643,1.237557,-2.148545,0.189407,1.211672,-1.895796,-0.144111,1.053783,-1.812429,0.262567,1.212151,-2.22419
-0.280877,1.228535,-2.106942,0.216733,1.236227,-1.860159,-0.118237,1.00958,-1.721968,0.230263,1.154968,-2.119871
-0.256949,1.228652,-2.021578,0.225634,1.335281,-1.827591,-0.097763,1.076091,-1.658695,0.202816,1.11505,-2.022804
-0.277212,1.203199,-1.921576,0.275141,1.474145,-1.791671,-0.054268,1.255206,-1.668606,0.164143,1.096914,-1.969742
-0.292346,1.216554,-1.834572,0.303572,1.631537,-1.921651,-0.070361,1.441553,-1.785709,0.123575,1.09043,-1.943314
-0.270726,1.2015,-1.807243,0.323295,1.703977,-2.191243,-0.152904,1.557377,-1.9556,0.174348,1.090352,-1.885676
-0.233334,1.168094,-1.813651,0.314891,1.642417,-2.396094,-0.161289,1.568255,-2.10368,0.191882,1.130996,-1.913353
-0.269295,1.166581,-1.834299,0.310031,1.509824,-2.432266,-0.068924,1.483784,-2.171306,0.189023,1.119392,-1.960373
-0.300007,1.152143,-1.849321,0.286874,1.371329,-2.368302,-0.032259,1.376492,-2.101178,0.160469,1.10392,-1.976664
-0.339555,1.145483,-1.864537,0.284127,1.25889,-2.270175,-0.063508,1.282684,-2.026446,0.113958,1.099031,-1.981846
-0.361441,1.146828,-1.847308,0.287281,1.220085,-2.210202,-0.120881,1.201848,-1.981429,0.088315,1.117349,-1.985861
-0.36139,1.150952,-1.785106,0.264377,1.247192,-2.176458,-0.166622,1.143847,-1.9566,0.081258,1.147943,-1.962274
-0.325232,1.235411,-1.740192,0.257376,1.183734,-2.076265,-0.190041,1.096007,-1.945957,0.064111,1.197883,-1.914913
-0.268929,1.414736,-1.842086,0.293305,1.09606,-2.072563,-0.189662,1.050452,-1.988982,-0.073678,1.325939,-1.89711
-0.240605,1.532146,-1.985636,0.365903,1.080583,-2.110504,-0.177501,1.071153,-2.028035,-0.140033,1.477333,-1.98243
-0.259099,1.550116,-2.135935,0.373263,1.09644,-2.031485,-0.106075,1.087433,-1.954323,-0.12837,1.556813,-2.123258
-0.311864,1.495692,-2.211496,0.321098,1.11341,-1.918717,0.017765,1.093711,-1.860501,-0.035166,1.536944,-2.20336
-0.33013,1.346578,-2.225035,0.325347,1.15046,-1.934685,0.019464,1.08647,-1.881295,-0.045541,1.441346,-2.18173
-0.295627,1.185015,-2.190896,0.293478,1.19329,-1.998987,-0.036264,1.079158,-1.894409,-0.060292,1.329801,-2.149749
-0.280938,1.060248,-2.121123,0.244054,1.214219,-2.063941,-0.068271,1.069174,-1.887149,-0.003244,1.246025,-2.017078
-0.276529,0.988417,-2.056622,0.18869,1.227325,-2.081284,-0.095047,1.092377,-1.887243,0.061194,1.193881,-1.930324
-0.291822,0.992701,-2.022345,0.156899,1.237265,-2.079487,-0.088002,1.128708,-1.882052,0.068092,1.182292,-1.895334
-0.294723,1.025065,-2.005542,0.131507,1.274918,-2.073131,-0.057599,1.199041,-1.884517,0.098618,1.1946,-1.872511
-0.325298,1.09586,-1.992882,0.111703,1.390114,-2.053503,0.022059,1.325206,-1.944043,0.115308,1.214489,-1.850894
-0.356529,1.127406,-2.019669,0.165113,1.528615,-2.076895,0.131112,1.45388,-2.058045,0.070943,1.202766,-1.820364
-0.361273,1.130367,-2.067169,0.282336,1.561572,-2.174544,0.158028,1.510912,-2.15427,0.036423,1.19981,-1.810895
-0.286573,1.116668,-2.082841,0.322587,1.484025,-2.178819,0.11722,1.479192,-2.167556,0.077723,1.196599,-1.778825
-0.242265,1.113949,-2.069474,0.301954,1.365335,-2.168095,0.033998,1.39733,-2.08362,0.112137,1.193554,-1.747925
-0.280018,1.122666,-2.045463,0.29709,1.255692,-2.16142,-0.018236,1.305534,-1.947942,0.1117,1.174491,-1.734403
-0.317325,1.137623,-1.997688,0.280965,1.227525,-2.152166,-0.026248,1.237301,-1.833441,0.103312,1.164606,-1.707711
-0.307652,1.142223,-1.936583,0.263956,1.23147,-2.11327,-0.025035,1.212001,-1.753244,0.105756,1.142402,-1.644946
-0.292299,1.217104,-1.86275,0.255666,1.230304,-2.029695,-0.033627,1.209635,-1.697997,0.034563,1.207725,-1.589338
-0.262313,1.416,-1.798637,0.294423,1.229659,-1.974716,0.005174,1.224953,-1.676045,0.000614,1.367024,-1.643068
-0.337814,1.617107,-1.856666,0.263883,1.204354,-1.875111,0.035584,1.233988,-1.675577,0.120229,1.530197,-1.800393
-0.398312,1.71541,-1.987669,0.205702,1.171254,-1.844969,-0.0129,1.241571,-1.693053,0.230297,1.636542,-1.984349
-0.39242,1.669278,-2.078178,0.142318,1.126096,-1.822374,-0.024135,1.225472,-1.6958,0.269528,1.6316,-2.143105
-0.36933,1.537448,-2.083729,0.118426,1.093714,-1.811735,-0.039804,1.218291,-1.71828,0.277924,1.536214,-2.318414
-0.33858,1.386497,-2.030503,0.149899,1.077509,-1.796619,-0.032931,1.191315,-1.715729,0.281198,1.4029,-2.375209
-0.325482,1.29817,-1.998335,0.1933,1.099943,-1.764245,-0.033211,1.1501,-1.683916,0.268281,1.266748,-2.299463
-0.294516,1.283897,-2.011641,0.221573,1.169909,-1.744413,-0.054356,1.06565,-1.588989,0.095172,1.167479,-2.180562
-0.31478,1.20996,-1.993515,0.280322,1.262903,-1.628584,-0.011643,1.097395,-1.489523,0.014276,1.157161,-2.13548
-0.368663,1.175174,-2.011799,0.301946,1.401082,-1.56628,0.100175,1.262083,-1.490263,-0.04166,1.118329,-2.082939
-0.430525,1.163729,-2.014402,0.311196,1.565925,-1.69557,0.113429,1.420689,-1.627008,-0.112431,1.075514,-2.020037
-0.441855,1.13873,-1.946211,0.367352,1.693009,-1.90612,0.00879,1.561896,-1.839883,-0.136176,1.061566,-1.964735
-0.423059,1.114894,-1.846525,0.397204,1.715087,-2.075431,-0.074645,1.639572,-2.042304,-0.126022,1.055148,-1.902397
-0.41823,1.108875,-1.774918,0.402074,1.621654,-2.217067,-0.116904,1.60315,-2.180636,-0.141012,1.057332,-1.840144
-0.407831,1.11347,-1.713062,0.391796,1.471634,-2.309501,-0.158489,1.442172,-2.291805,-0.153447,1.08559,-1.797573
-0.368009,1.119565,-1.632548,0.381166,1.275223,-2.29788,-0.199923,1.20833,-2.315024,-0.121303,1.128722,-1.768867
-0.321547,1.130961,-1.532628,0.358865,1.006331,-2.192788,-0.227353,0.992747,-2.237736,-0.059857,1.1793,-1.74907
-0.230566,1.149607,-1.4298,0.388425,0.882693,-2.139179,-0.19616,0.83957,-2.093906,0.055488,1.2373,-1.74441
-0.075852,1.213343,-1.381357,0.401861,0.92829,-2.133654,-0.194785,0.772791,-1.852617,0.162732,1.28593,-1.770997
0.007782,1.381952,-1.472119,0.275616,0.949768,-2.030699,-0.246612,0.853026,-1.795098,0.097404,1.390746,-1.894787
-0.110149,1.567282,-1.656165,0.274766,0.961883,-1.939993,-0.237893,0.912441,-1.810328,0.113149,1.524607,-1.978722
-0.320559,1.715949,-1.868297,0.364426,0.984544,-1.861711,-0.152381,0.957735,-1.805101,0.130618,1.619354,-2.11086
-0.391225,1.705277,-2.020253,0.397824,1.021928,-1.800218,-0.088511,1.034035,-1.813593,0.158118,1.598155,-2.311723
-0.384224,1.562076,-2.063593,0.397105,1.055628,-1.742189,-0.067743,1.09883,-1.810241,0.221798,1.48584,-2.437607
-0.361137,1.392887,-2.032476,0.39116,1.084272,-1.688696,-0.082356,1.125749,-1.782623,0.262036,1.342141,-2.437412
-0.338309,1.251048,-2.020361,0.383747,1.124128,-1.649884,-0.119959,1.133156,-1.746963,0.291095,1.217058,-2.336184
-0.314427,1.13385,-2.004536,0.395961,1.181158,-1.654073,-0.13119,1.1472,-1.722339,0.304308,1.095329,-2.203186
-0.299656,1.062377,-1.963457,0.421142,1.248825,-1.696313,-0.111906,1.172094,-1.703575,0.290613,0.957008,-2.076472
-0.280005,1.030451,-1.893594,0.430569,1.332458,-1.749636,-0.090301,1.235477,-1.702357,0.279222,0.835362,-1.954613
-0.243959,0.991676,-1.79698,0.398714,1.442335,-1.811338,-0.030048,1.357688,-1.791686,0.261398,0.759786,-1.810559
-0.207545,0.97519,-1.750254,0.236645,1.565671,-1.92136,0.033285,1.462419,-1.993698,0.192285,0.795739,-1.817146
-0.281058,1.043843,-1.803868,0.228258,1.603057,-2.114239,0.093939,1.432245,-2.170976,0.168751,0.823506,-1.856473
-0.341957,1.085976,-1.813056,0.263455,1.433994,-2.18913,0.104098,1.336793,-2.228704,0.123643,0.884151,-1.914529
-0.35816,1.103905,-1.786747,0.27959,1.24556,-2.141322,0.101155,1.240853,-2.164567,0.093531,0.960798,-1.957491
-0.329312,1.126421,-1.745501,0.304989,1.176916,-2.070427,0.025817,1.177342,-2.101091,0.111829,1.040175,-1.997649
-0.323273,1.15993,-1.730459,0.298529,1.138536,-2.03539,-0.058562,1.122056,-2.07209,0.132812,1.08391,-2.01818
-0.370056,1.186454,-1.757921,0.266117,1.134943,-2.04994,-0.097043,1.119878,-2.050203,0.095043,1.073705,-1.988088
-0.393962,1.215617,-1.797169,0.253546,1.160267,-2.04325,-0.145061,1.090428,-1.960536,0.046477,1.072438,-1.943365
-0.393647,1.268294,-1.79759,0.276002,1.159905,-1.990174,-0.125504,1.094894,-1.851009,0.050499,1.102636,-1.900823
-0.335658,1.4801,-1.82994,0.269029,1.186721,-1.932529,-0.095092,1.164162,-1.837259,0.094337,1.211008,-2.002774
-0.325969,1.651491,-1.949863,0.243422,1.185207,-1.872759,-0.116235,1.188436,-1.820174,0.179711,1.38784,-2.125473
-0.357571,1.681838,-2.086424,0.254374,1.17124,-1.83025,-0.101255,1.166497,-1.775747,0.255554,1.529263,-2.250385
-0.378808,1.597886,-2.162296,0.286546,1.15574,-1.793966,-0.065707,1.147248,-1.74086,0.285466,1.505107,-2.408694
-0.379381,1.454334,-2.176299,0.283198,1.139202,-1.73966,-0.07202,1.14688,-1.723299,0.262607,1.356416,-2.469331
-0.353349,1.304983,-2.128322,0.262905,1.146275,-1.678845,-0.112471,1.130236,-1.691537,0.248222,1.155191,-2.400464
-0.320536,1.182627,-2.060228,0.277741,1.193801,-1.668475,-0.131487,1.065016,-1.613454,0.130631,0.980156,-2.269976
-0.305969,1.109035,-2.003084,0.293805,1.25165,-1.6587,-0.102395,1.028134,-1.545803,0.037303,0.909283,-2.17976
-0.381681,1.142598,-2.028369,0.276297,1.342696,-1.757345,-0.128684,1.120013,-1.600509,-0.008693,0.887353,-2.137936
-0.38249,1.175703,-2.033983,0.342398,1.450596,-1.879914,-0.146777,1.288084,-1.663894,-0.015635,0.924831,-2.138991
-0.298201,1.157055,-1.954743,0.335372,1.575661,-1.985945,-0.042702,1.468903,-1.794874,0.028991,0.966691,-2.122398
-0.320518,1.137328,-1.871928,0.351279,1.656196,-2.068322,0.032942,1.600362,-1.965111,-0.011973,0.969824,-2.059315
-0.37321,1.127862,-1.798093,0.40968,1.637453,-2.151819,0.037661,1.619932,-2.171078,-0.078,0.966774,-1.982917
-0.376286,1.131397,-1.721367,0.406864,1.513114,-2.264338,-0.04941,1.509986,-2.364944,-0.094305,0.983804,-1.922478
-0.361011,1.143475,-1.642879,0.379075,1.34807,-2.329167,-0.169597,1.297851,-2.415539,-0.081706,1.010146,-1.871277
-0.361641,1.157999,-1.563521,0.367873,1.110431,-2.263939,-0.229321,1.065721,-2.333299,-0.081069,1.047794,-1.829016
-0.301835,1.174294,-1.469124,0.373537,0.862966,-2.141835,-0.206104,0.890629,-2.197768,-0.023567,1.115372,-1.817012
-0.192499,1.178856,-1.368252,0.447663,0.87501,-2.13067,-0.188248,0.781491,-1.996725,0.086322,1.171207,-1.801928
-0.155385,1.298139,-1.395754,0.420943,0.919893,-2.070076,-0.259575,0.754787,-1.778267,0.113633,1.257364,-1.88189
-0.015619,1.515132,-1.557046,0.351182,0.950624,-1.931917,-0.288727,0.832986,-1.74779,0.145247,1.405246,-1.97573
-0.080971,1.665508,-1.724946,0.402779,0.971354,-1.840688,-0.234497,0.862266,-1.751122,0.094954,1.551689,-2.047135
-0.21596,1.777758,-1.875821,0.443434,1.00353,-1.789175,-0.218153,0.911809,-1.7846,0.166412,1.629977,-2.234652
-0.360138,1.673679,-2.066487,0.489576,1.031532,-1.762793,-0.188646,0.956045,-1.810308,0.171549,1.58542,-2.422951
-0.347857,1.491848,-2.193362,0.485684,1.058095,-1.729379,-0.187872,1.021425,-1.829986,0.177602,1.429173,-2.480849
-0.329571,1.319649,-2.215344,0.456954,1.088506,-1.694795,-0.214336,1.065223,-1.816265,0.247654,1.269696,-2.41952
-0.321027,1.192678,-2.150454,0.440765,1.135363,-1.681022,-0.224409,1.088179,-1.773205,0.287774,1.14268,-2.281162
-0.314216,1.099866,-2.065695,0.431607,1.196925,-1.707302,-0.207337,1.137858,-1.749628,0.290283,1.002653,-2.122674
-0.261537,1.037858,-1.971058,0.436985,1.261018,-1.743971,-0.171661,1.205434,-1.732882,0.273804,0.855957,-1.982757
-0.256424,1.109089,-1.926915,0.461276,1.340002,-1.772824,-0.077936,1.311758,-1.743965,0.272109,0.760465,-1.850852
-0.274427,1.166335,-1.868403,0.438679,1.421294,-1.807996,0.02763,1.427744,-1.879643,0.250748,0.761485,-1.807738
-0.354521,1.185971,-1.813639,0.336163,1.519126,-1.947834,0.121474,1.480896,-2.048396,0.134373,0.836012,-1.780453
-0.347091,1.192319,-1.750668,0.362314,1.547652,-2.069588,0.110587,1.468344,-2.130397,0.13729,0.91059,-1.834217
-0.312333,1.188888,-1.710774,0.366733,1.456497,-2.097279,0.09132,1.395677,-2.136189,0.167561,0.963109,-1.876901
-0.332505,1.185333,-1.689652,0.325107,1.336437,-2.113386,0.014668,1.300133,-2.062426,0.13343,0.991145,-1.879621
-0.374176,1.191841,-1.672831,0.326256,1.219852,-2.150576,-0.118517,1.21062,-2.032694,0.072463,1.015517,-1.867035
-0.394633,1.207865,-1.682373,0.352205,1.106391,-2.11556,-0.18988,1.139074,-2.029146,0.017163,1.043163,-1.852261
-0.375723,1.222224,-1.694915,0.356665,0.981731,-2.026909,-0.172293,1.082287,-1.96391,-0.002332,1.06827,-1.835609
-0.334162,1.268907,-1.698074,0.390824,1.031824,-2.057993,-0.124047,1.066674,-1.834645,0.065097,1.07572,-1.803773
-0.292706,1.421924,-1.733968,0.35409,1.095962,-2.021221,-0.08474,1.08884,-1.721679,0.130147,1.179945,-1.910874
-0.224311,1.590584,-1.840731,0.233257,1.120526,-1.91035,-0.127049,1.186017,-1.731001,0.040435,1.383343,-1.995115
-0.246046,1.644255,-2.004955,0.205648,1.123279,-1.863758,-0.141907,1.238229,-1.743307,0.105735,1.527885,-2.075963
-0.369888,1.638031,-2.112342,0.21474,1.123172,-1.849574,-0.136637,1.234288,-1.732,0.265349,1.574563,-2.254871
-0.371214,1.522537,-2.13348,0.22425,1.115932,-1.815871,-0.147231,1.210178,-1.708353,0.300868,1.491512,-2.415234
-0.349357,1.375566,-2.118495,0.242895,1.11617,-1.767979,-0.166763,1.183718,-1.682029,0.291452,1.344943,-2.424382
-0.326441,1.244896,-2.064818,0.261309,1.128204,-1.74359,-0.178007,1.14472,-1.633808,0.251568,1.167225,-2.317007
-0.300988,1.165918,-2.013958,0.281077,1.175192,-1.737615,-0.178196,1.098704,-1.567784,0.160524,1.059382,-2.213144
-0.369207,1.16148,-1.99497,0.25707,1.264595,-1.77149,-0.190829,1.130059,-1.559287,0.097404,1.027007,-2.151259
-0.431095,1.176423,-2.035276,0.319024,1.407452,-1.751339,-0.146936,1.266325,-1.583463,0.013791,1.0256,-2.114879
-0.401977,1.159053,-1.99094,0.354598,1.578399,-1.837755,-0.012193,1.424803,-1.696729,0.00789,1.035182,-2.084881
-0.378747,1.136114,-1.895345,0.357752,1.684507,-1.971874,0.029357,1.572249,-1.874505,0.018163,1.033913,-2.035725
-0.404109,1.124058,-1.80829,0.388841,1.695328,-2.086414,-0.036205,1.640284,-2.073921,-0.010255,1.022022,-1.970108
-0.429985,1.124272,-1.748134,0.40445,1.598735,-2.190788,-0.082315,1.588962,-2.294864,-0.051912,1.018795,-1.904024
-0.41614,1.130009,-1.685647,0.392954,1.448334,-2.295538,-0.136188,1.400475,-2.405594,-0.058533,1.042459,-1.856994
-0.391082,1.138861,-1.606874,0.370883,1.260584,-2.294939,-0.204292,1.151405,-2.370941,-0.043437,1.083931,-1.82196
-0.365564,1.152252,-1.507973,0.363518,0.996712,-2.189545,-0.232411,0.93875,-2.2559,-0.014333,1.13863,-1.79866
-0.256037,1.172456,-1.404529,0.407031,0.923864,-2.163359,-0.192804,0.797427,-2.078237,0.09745,1.19574,-1.78833
-0.09958,1.260112,-1.37199,0.383351,0.957586,-2.116415,-0.248968,0.746422,-1.833987,0.173794,1.255391,-1.813011
-0.068087,1.43037,-1.449465,0.269623,0.970709,-1.998557,-0.304735,0.828802,-1.804001,0.163602,1.376716,-1.903335
-0.171979,1.606129,-1.651953,0.309329,0.974694,-1.906609,-0.267827,0.85372,-1.796098,0.13165,1.54458,-1.962446
-0.302578,1.740662,-1.847323,0.431185,0.995979,-1.826326,-0.147809,0.912215,-1.805933,0.184348,1.663392,-2.110515
-0.403198,1.713327,-2.010533,0.455337,1.029376,-1.776016,-0.086019,0.98983,-1.826433,0.175806,1.645947,-2.331843
-0.377488,1.551656,-2.065831,0.419239,1.060218,-1.723532,-0.084799,1.062326,-1.834096,0.215198,1.505006,-2.452103
-0.359657,1.377446,-2.062663,0.389496,1.089804,-1.667714,-0.120832,1.088527,-1.809819,0.266553,1.352929,-2.4438
-0.332574,1.234035,-2.052127,0.371215,1.141645,-1.636807,-0.159221,1.091127,-1.769665,0.29753,1.218003,-2.339771
-0.313792,1.119082,-2.025104,0.384422,1.202306,-1.65663,-0.151653,1.111163,-1.74794,0.308688,1.079654,-2.203753
-0.296366,1.047434,-1.972682,0.420326,1.268354,-1.706834,-0.110603,1.147757,-1.736761,0.287972,0.92706,-2.071229
-0.260693,1.018296,-1.897199,0.439091,1.343771,-1.753178,-0.080031,1.217135,-1.73509,0.270195,0.803118,-1.936458
-0.212505,0.979769,-1.79942,0.384842,1.439567,-1.809417,-0.029355,1.333333,-1.82611,0.246081,0.778444,-1.885909
-0.297872,1.021686,-1.813996,0.257371,1.545762,-1.948208,0.109614,1.394438,-2.041298,0.090839,0.813653,-1.823195
-0.296552,1.069909,-1.804428,0.281413,1.514186,-2.071637,0.148418,1.368865,-2.170894,0.066963,0.890276,-1.860906
-0.267685,1.096355,-1.787119,0.299579,1.358163,-2.13457,0.13835,1.327334,-2.182681,0.09685,0.958103,-1.914268
-0.248655,1.105978,-1.775342,0.301193,1.263947,-2.111223,0.086594,1.279239,-2.113171,0.089932,1.009569,-1.925923
-0.236745,1.119662,-1.750197,0.314875,1.204402,-2.105993,-0.008044,1.197911,-2.042807,0.079216,1.052829,-1.920347
-0.258111,1.156412,-1.744995,0.319677,1.099756,-2.104383,-0.118132,1.124066,-2.028083,0.05814,1.087975,-1.921627
-0.304647,1.191544,-1.763499,0.320941,0.9943,-2.055994,-0.170718,1.081271,-2.003749,0.019446,1.097232,-1.904196
-0.302135,1.254224,-1.794063,0.336278,0.996423,-2.067522,-0.161914,1.068456,-1.92103,0.004609,1.086158,-1.863054
-0.29044,1.38351,-1.776027,0.342356,1.039389,-2.073031,-0.082048,1.074772,-1.775812,0.085037,1.119189,-1.903569
-0.303981,1.586233,-1.813494,0.226809,1.075338,-1.979774,-0.072535,1.146315,-1.733456,0.120938,1.293946,-2.00031
-0.272951,1.676019,-2.007255,0.194412,1.08798,-1.897993,-0.122164,1.196427,-1.743927,0.159053,1.493818,-2.083351
-0.337079,1.670486,-2.176256,0.233995,1.096389,-1.866469,-0.093472,1.196917,-1.725433,0.264948,1.583318,-2.200869
-0.370394,1.572856,-2.227197,0.270997,1.096282,-1.839561,-0.062475,1.191812,-1.707049,0.267214,1.51952,-2.359548
-0.368609,1.421218,-2.193241,0.229965,1.09075,-1.797799,-0.103717,1.204038,-1.701837,0.22078,1.350975,-2.429925
-0.328854,1.276955,-2.096286,0.191107,1.106027,-1.775299,-0.152536,1.179096,-1.661607,0.242493,1.159459,-2.36338
-0.285579,1.23708,-2.07197,0.2581,1.155004,-1.770209,-0.123034,1.100037,-1.562895,0.17732,0.990174,-2.157171
-0.246459,1.255851,-2.052038,0.298895,1.232517,-1.739189,-0.053019,1.126901,-1.522059,0.166832,0.959514,-2.084568
-0.282947,1.265107,-2.027564,0.281713,1.342253,-1.745982,-0.106594,1.237029,-1.521593,0.120537,0.957519,-2.063191
-0.312237,1.251076,-1.981529,0.329088,1.490133,-1.819667,-0.061706,1.399434,-1.596487,0.07776,0.965358,-2.04403
-0.289445,1.207329,-1.875517,0.363446,1.631642,-1.945528,0.053023,1.546238,-1.768888,0.079827,0.971819,-2.004918
-0.308301,1.172023,-1.773394,0.385463,1.695033,-2.057373,0.0415,1.637784,-1.965175,0.062015,0.968556,-1.948538
-0.355453,1.162656,-1.722918,0.399678,1.649463,-2.151432,0.000231,1.640122,-2.139004,-0.015389,0.965633,-1.884321
-0.389715,1.156559,-1.689703,0.404978,1.507309,-2.29436,-0.005711,1.50925,-2.319774,-0.086117,0.989089,-1.838224
-0.389593,1.156312,-1.635844,0.384595,1.307823,-2.345799,-0.078216,1.261802,-2.375356,-0.119286,1.034999,-1.80577
-0.364394,1.159566,-1.551891,0.377905,1.033945,-2.259379,-0.153203,1.018394,-2.300357,-0.116344,1.097634,-1.785045
-0.2728,1.165388,-1.446524,0.420161,0.990753,-2.248905,-0.148564,0.838031,-2.149109,-0.029027,1.157728,-1.777485
-0.131612,1.207992,-1.368086,0.434296,1.025331,-2.21752,-0.176221,0.749004,-1.885733,0.115228,1.210371,-1.761841
-0.121957,1.3644,-1.39735,0.303228,1.037472,-2.087236,-0.260583,0.757923,-1.72639,0.108597,1.334899,-1.821786
-0.148787,1.541936,-1.562209,0.305757,1.039321,-1.945666,-0.25549,0.846393,-1.779502,0.118066,1.48432,-1.878516
-0.256305,1.707009,-1.74244,0.410328,1.048627,-1.826132,-0.16672,0.901188,-1.795515,0.180417,1.632869,-1.983778
-0.397108,1.748828,-1.944876,0.443103,1.075967,-1.766585,-0.103763,0.965283,-1.820768,0.199811,1.670295,-2.205805
-0.397107,1.636714,-2.053174,0.381716,1.103976,-1.722275,-0.111475,1.033602,-1.841789,0.225575,1.574071,-2.393418
-0.366523,1.462792,-2.066701,0.350195,1.121451,-1.668086,-0.132978,1.060498,-1.830794,0.269211,1.434262,-2.446373
-0.337985,1.308179,-2.060635,0.352661,1.159764,-1.637334,-0.141781,1.048773,-1.790249,0.290648,1.297057,-2.387106
-0.325993,1.185745,-2.037494,0.372108,1.198604,-1.646232,-0.124323,1.041283,-1.750463,0.298079,1.1688,-2.262559
-0.316526,1.094878,-1.991069,0.397186,1.24784,-1.672693,-0.09588,1.070624,-1.738001,0.292757,1.036068,-2.132125
-0.293282,1.036867,-1.941287,0.408627,1.310485,-1.707268,-0.073174,1.136118,-1.746658,0.279164,0.906578,-2.019701
-0.249294,1.003659,-1.866793,0.387803,1.41455,-1.748247,-0.045264,1.255878,-1.782859,0.27108,0.802249,-1.875515
-0.20566,0.978816,-1.799041,0.304702,1.531064,-1.83563,0.01112,1.390022,-1.89848,0.239362,0.793009,-1.83957
-0.292738,1.031982,-1.842949,0.223989,1.610597,-2.012159,0.140515,1.413567,-2.078491,0.088196,0.833148,-1.817434
-0.325328,1.077878,-1.840807,0.247616,1.52737,-2.123114,0.153292,1.346108,-2.183277,0.086368,0.8904,-1.886655
-0.310732,1.097888,-1.807045,0.293666,1.340659,-2.119476,0.142701,1.27679,-2.161414,0.094652,0.97159,-1.944031
-0.285216,1.106045,-1.764987,0.306529,1.242787,-2.087895,0.06215,1.229915,-2.078469,0.102547,1.041248,-1.972249
-0.28764,1.128401,-1.733702,0.313926,1.186796,-2.075479,-0.03946,1.17873,-2.039682,0.106652,1.080397,-1.976367
-0.318784,1.168737,-1.732918,0.309884,1.103408,-2.051243,-0.134044,1.124301,-2.01512,0.095066,1.094494,-1.965603
-0.348657,1.213683,-1.775711,0.323515,1.054147,-2.012203,-0.159437,1.099825,-1.948218,0.064316,1.077472,-1.925841
-0.331599,1.299914,-1.838844,0.341678,1.072051,-2.007249,-0.120312,1.078223,-1.822548,0.052596,1.06456,-1.882699
-0.327307,1.40751,-1.855496,0.334515,1.118914,-1.993146,-0.070202,1.119328,-1.772973,0.088182,1.13978,-1.970455
-0.281782,1.563111,-1.933532,0.305208,1.13914,-1.921972,-0.112827,1.169951,-1.780985,0.092089,1.317582,-2.11173
-0.276237,1.628018,-2.128247,0.326175,1.147976,-1.86704,-0.117068,1.172797,-1.762192,0.187561,1.489525,-2.218635
-0.345008,1.581938,-2.258805,0.371988,1.146344,-1.831448,-0.088644,1.159217,-1.740622,0.272905,1.52245,-2.343122
-0.384196,1.475863,-2.244436,0.365644,1.130024,-1.782571,-0.097962,1.156027,-1.727672,0.224405,1.396007,-2.443517
-0.360462,1.330699,-2.142231,0.313805,1.126229,-1.730065,-0.154875,1.145902,-1.7049,0.206178,1.194692,-2.423704
-0.327364,1.303241,-2.13566,0.304287,1.166184,-1.739704,-0.165666,1.068674,-1.615216,0.148162,1.063268,-2.289699
-0.287806,1.294851,-2.08953,0.287341,1.209542,-1.755296,-0.105578,1.048792,-1.483131,0.050725,1.018816,-2.1525
-0.2566,1.27115,-2.036972,0.333261,1.260135,-1.647581,0.002441,1.151676,-1.421352,0.153065,1.008261,-2.046738
-0.250974,1.245689,-1.998284,0.291963,1.376896,-1.764923,-0.007459,1.319115,-1.482584,0.153687,1.030351,-2.002674
-0.322203,1.206868,-1.961797,0.309701,1.550606,-1.909822,0.046257,1.488188,-1.651469,0.03615,1.027378,-1.956975
-0.341607,1.155839,-1.865348,0.396789,1.688651,-2.025457,0.07549,1.60806,-1.868198,-0.014397,1.038349,-1.913277
-0.342931,1.143812,-1.76751,0.407439,1.698214,-2.109648,0.021137,1.647441,-2.073587,-0.029645,1.042828,-1.866487
-0.363239,1.150647,-1.70916,0.399635,1.601624,-2.219544,-0.028633,1.594442,-2.217588,-0.08683,1.042017,-1.815515
-0.386889,1.14495,-1.667354,0.392465,1.44994,-2.320377,-0.065258,1.428186,-2.319266,-0.138308,1.067301,-1.783277
-0.368301,1.138613,-1.598183,0.386537,1.19077,-2.295082,-0.112547,1.194021,-2.311943,-0.142799,1.1096,-1.756991
-0.323271,1.137179,-1.498828,0.378354,1.135516,-2.282673,-0.146191,0.975845,-2.217081,-0.097861,1.158962,-1.738826
-0.205107,1.165792,-1.403887,0.40904,1.172601,-2.258224,-0.138125,0.821384,-2.028208,0.018432,1.205528,-1.719361
-0.141558,1.290305,-1.392781,0.316335,1.152255,-2.138419,-0.234483,0.767387,-1.79236,0.018377,1.282333,-1.671999
-0.19261,1.463897,-1.504101,0.225171,1.124096,-1.99372,-0.287188,0.871047,-1.816375,-0.052979,1.421222,-1.692199
-0.274418,1.625641,-1.695517,0.322318,1.113491,-1.888611,-0.190471,0.93033,-1.840412,0.100474,1.567658,-1.841947
-0.403289,1.740304,-1.900706,0.357856,1.111191,-1.798644,-0.136075,0.974792,-1.851201,0.217672,1.650266,-2.063808
-0.407153,1.698449,-2.033047,0.295719,1.123339,-1.747134,-0.14138,1.012567,-1.850981,0.265559,1.618758,-2.240897
-0.383787,1.549597,-2.105686,0.281518,1.133614,-1.694673,-0.132607,1.030395,-1.837201,0.282195,1.509377,-2.359367
-0.360595,1.380823,-2.103869,0.290097,1.158253,-1.657852,-0.119258,1.031323,-1.812551,0.281395,1.357815,-2.373379
-0.333008,1.241208,-2.070618,0.300762,1.191032,-1.666618,-0.093243,1.018633,-1.773399,0.286806,1.206004,-2.283112
-0.324907,1.135593,-2.027952,0.333189,1.226134,-1.683206,-0.055319,1.016018,-1.736748,0.280295,1.08029,-2.152577
-0.305494,1.059788,-1.98134,0.340054,1.2854,-1.712961,-0.026178,1.053022,-1.723945,0.270356,0.964357,-2.033465
-0.276948,1.01258,-1.922257,0.333884,1.357306,-1.72671,-0.013663,1.147932,-1.745149,0.258813,0.855468,-1.918909
-0.269828,1.026435,-1.86929,0.281912,1.458965,-1.765231,0.032093,1.300333,-1.818712,0.219407,0.771562,-1.791613
-0.306265,1.09945,-1.848533,0.226073,1.545072,-1.901867,0.121759,1.427164,-1.952009,0.063385,0.738492,-1.730711
-0.281463,1.13844,-1.817635,0.203259,1.557349,-2.082383,0.183964,1.444778,-2.098742,0.082336,0.833499,-1.840004
-0.227127,1.148961,-1.788848,0.255241,1.45799,-2.163002,0.174713,1.370548,-2.172357,0.143115,0.902732,-1.922792
-0.235666,1.156407,-1.762588,0.287868,1.321155,-2.170876,0.087957,1.280537,-2.146976,0.132093,0.954911,-1.964239
-0.27678,1.166543,-1.707915,0.304394,1.218916,-2.164348,-0.007106,1.209227,-2.11719,0.10577,0.992862,-1.979092
-0.297555,1.202284,-1.683115,0.324024,1.131892,-2.126211,-0.097613,1.146537,-2.094107,0.086047,1.019066,-1.977539
-0.318221,1.258683,-1.69531,0.323519,1.039261,-2.054309,-0.170389,1.090781,-2.048187,0.057751,1.031114,-1.96186
-0.319057,1.334333,-1.757227,0.323402,0.98198,-2.005457,-0.156727,1.04809,-1.954626,0.015925,1.031058,-1.928817
-0.281254,1.435651,-1.831988,0.305403,1.039969,-2.028578,-0.053108,1.041588,-1.799372,0.024647,1.061017,-1.890645
-0.25151,1.555667,-1.893108,0.282056,1.097667,-1.98865,-0.066908,1.100215,-1.78744,0.010848,1.198073,-2.003173
-0.246281,1.649328,-2.019296,0.307242,1.136956,-1.923479,-0.085748,1.139437,-1.791592,0.069825,1.390657,-2.139807
-0.304256,1.646101,-2.159934,0.277293,1.149747,-1.857182,-0.142179,1.165446,-1.791276,0.210595,1.51121,-2.290029
-0.324827,1.544565,-2.214801,0.25735,1.144527,-1.813469,-0.167024,1.154537,-1.759281,0.280135,1.492484,-2.433362
-0.335904,1.405782,-2.226762,0.277096,1.1388,-1.782457,-0.14464,1.134622,-1.716203,0.284277,1.350759,-2.462557
-0.353989,1.278581,-2.164401,0.283421,1.143049,-1.764776,-0.128754,1.115779,-1.669143,0.255716,1.144048,-2.374976
-0.315078,1.169472,-2.069234,0.279285,1.176304,-1.750074,-0.129998,1.075066,-1.596187,0.146863,0.945117,-2.234584
-0.315881,1.139526,-2.034505,0.281065,1.225892,-1.755996,-0.081971,1.073932,-1.546612,0.075343,0.875378,-2.154366
-0.359226,1.175701,-2.05169,0.291441,1.33976,-1.770768,-0.0264,1.171207,-1.54222,0.056737,0.86755,-2.106313
-0.322244,1.188798,-2.011638,0.317482,1.474715,-1.866087,-0.11599,1.345358,-1.630139,0.077781,0.916768,-2.109302
-0.300615,1.17312,-1.917964,0.327164,1.598633,-1.964616,-0.063606,1.522732,-1.802543,0.085217,0.931248,-2.067006
-0.343147,1.154514,-1.827838,0.375347,1.6571,-2.06635,0.039305,1.624548,-1.985374,0.028374,0.933752,-2.001581
-0.378078,1.149655,-1.756644,0.410469,1.598773,-2.161107,0.034457,1.610118,-2.193605,-0.03278,0.953837,-1.943638
-0.378095,1.154234,-1.694884,0.399026,1.453393,-2.265747,-0.050114,1.465173,-2.365142,-0.060229,0.985283,-1.894963
-0.367483,1.162814,-1.625948,0.371216,1.290047,-2.306836,-0.153929,1.227946,-2.392527,-0.065828,1.02603,-1.854174
-0.35669,1.173745,-1.545762,0.365009,1.055069,-2.231912,-0.208696,0.999542,-2.301305,-0.064303,1.078516,-1.824972
-0.271652,1.183542,-1.443094,0.372066,0.831826,-2.112345,-0.183862,0.844685,-2.160614,0.010541,1.151518,-1.818917
-0.156816,1.186277,-1.34388,0.448216,0.867281,-2.109457,-0.183521,0.761,-1.931975,0.12552,1.201082,-1.798951
-0.157865,1.320998,-1.391837,0.396685,0.907526,-2.039044,-0.257307,0.752266,-1.731128,0.110222,1.300341,-1.894086
-0.06168,1.542196,-1.576033,0.347989,0.934468,-1.911701,-0.287574,0.836663,-1.754922,0.129012,1.449114,-2.002151
-0.152635,1.687929,-1.761857,0.423644,0.959366,-1.826728,-0.210641,0.864975,-1.757127,0.130854,1.583668,-2.07311
-0.332619,1.739146,-1.959841,0.439569,0.999037,-1.780633,-0.193526,0.927594,-1.790274,0.168372,1.626935,-2.272552
-0.364802,1.625191,-2.094177,0.418952,1.035547,-1.744248,-0.188739,1.00509,-1.815431,0.18174,1.532467,-2.452349
-0.339113,1.444483,-2.131039,0.412856,1.066983,-1.70912,-0.185153,1.057185,-1.809406,0.228266,1.372776,-2.484008
-0.329052,1.287337,-2.126558,0.418842,1.1038,-1.681404,-0.186662,1.080108,-1.776294,0.27025,1.218042,-2.394935
-0.325373,1.162212,-2.082396,0.425717,1.155569,-1.685215,-0.179116,1.105569,-1.741845,0.290266,1.075854,-2.246453
-0.307745,1.071489,-2.00811,0.43396,1.212905,-1.712901,-0.157794,1.151518,-1.720612,0.282967,0.922519,-2.092605
-0.244304,1.023017,-1.919883,0.434508,1.282779,-1.750166,-0.131952,1.219639,-1.704805,0.273972,0.786651,-1.92991
-0.214176,1.050741,-1.864424,0.425138,1.36796,-1.782362,-0.074276,1.316037,-1.751459,0.266841,0.706543,-1.770267
-0.25888,1.101499,-1.81434,0.324993,1.475205,-1.879357,0.071827,1.385798,-1.968963,0.200473,0.764607,-1.751615
-0.26932,1.136868,-1.770131,0.27351,1.538401,-1.997104,0.122197,1.405422,-2.126572,0.16238,0.847118,-1.797954
-0.316534,1.160001,-1.756869,0.337136,1.461469,-2.095766,0.130452,1.387891,-2.174446,0.118269,0.914664,-1.856464
-0.303512,1.15792,-1.732255,0.330991,1.335966,-2.103332,0.114483,1.308351,-2.141852,0.106973,0.9827,-1.898549
-0.290163,1.153414,-1.699216,0.314405,1.262533,-2.051676,0.03097,1.206096,-2.059365,0.105529,1.02522,-1.911527
-0.301605,1.173631,-1.667384,0.322642,1.198245,-2.068827,-0.088671,1.135017,-2.021632,0.105438,1.048544,-1.911574
-0.352862,1.205156,-1.676148,0.324456,1.089006,-2.062358,-0.193054,1.108133,-2.005102,0.063853,1.056169,-1.897906
-0.371184,1.240203,-1.731961,0.342786,1.038986,-2.034905,-0.202416,1.077604,-1.911495,0.016447,1.040178,-1.854027
-0.334899,1.296165,-1.762198,0.364423,1.087351,-2.046241,-0.135357,1.07079,-1.77599,0.083858,1.045974,-1.817025
-0.284168,1.443783,-1.78953,0.324118,1.128779,-1.979067,-0.092881,1.088293,-1.69822,0.114571,1.177798,-1.918863
-0.236069,1.596153,-1.913381,0.253313,1.14053,-1.883569,-0.121496,1.175473,-1.73784,0.071786,1.379457,-2.029516
-0.285545,1.649649,-2.078286,0.265522,1.141011,-1.858192,-0.103109,1.207028,-1.748003,0.176316,1.532529,-2.126311
-0.375822,1.620624,-2.159755,0.315379,1.13488,-1.847469,-0.059516,1.194727,-1.738428,0.2684,1.555177,-2.302804
-0.382466,1.494674,-2.157789,0.302226,1.117169,-1.79973,-0.082578,1.192153,-1.736606,0.25485,1.439436,-2.43247
-0.348967,1.344352,-2.119436,0.264334,1.112044,-1.739079,-0.147615,1.174069,-1.716378,0.262949,1.271873,-2.415505
-0.309913,1.24632,-2.070048,0.287216,1.147876,-1.70615,-0.158268,1.109972,-1.643812,0.249823,1.113962,-2.286817
-0.26406,1.256731,-2.067363,0.30368,1.203729,-1.724748,-0.119358,1.051191,-1.545724,0.112654,1.031501,-2.152309
-0.306326,1.267259,-2.046277,0.271755,1.282793,-1.727222,-0.121357,1.103405,-1.513175,0.079049,1.025027,-2.116569
-0.319482,1.257799,-2.023045,0.323421,1.414913,-1.737659,-0.029834,1.279772,-1.552173,0.060554,1.012714,-2.083254
-0.31583,1.220617,-1.972586,0.331493,1.577237,-1.857698,0.113861,1.464555,-1.689253,0.039315,0.992063,-2.027938
-0.328521,1.182254,-1.876368,0.370495,1.690618,-2.009764,0.096963,1.600705,-1.890989,0.010785,0.989216,-1.973766
-0.358403,1.157452,-1.781673,0.407133,1.692022,-2.122524,0.025465,1.64633,-2.118149,-0.02512,0.984804,-1.911243
-0.388674,1.153222,-1.715287,0.406418,1.579099,-2.229102,-0.013936,1.575285,-2.327569,-0.070558,0.991821,-1.853949
-0.401109,1.15671,-1.655509,0.391234,1.403647,-2.327849,-0.068417,1.382671,-2.410958,-0.10005,1.018896,-1.811388
-0.389836,1.159076,-1.579699,0.381121,1.15389,-2.298994,-0.140484,1.137775,-2.357528,-0.103172,1.066892,-1.781394
-0.33099,1.161428,-1.482414,0.395078,0.988185,-2.228229,-0.162613,0.927645,-2.230647,-0.050319,1.132668,-1.770259
-0.235544,1.163627,-1.376706,0.44369,1.043517,-2.22665,-0.147371,0.791742,-2.023568,0.054257,1.168729,-1.744101
-0.154664,1.278211,-1.37788,0.382145,1.047294,-2.126726,-0.235542,0.738081,-1.785517,0.075922,1.258207,-1.776244
-0.131968,1.470064,-1.501667,0.253965,1.036986,-1.956392,-0.315165,0.831404,-1.784634,0.079199,1.406714,-1.848287
-0.179722,1.638549,-1.668812,0.314771,1.035198,-1.831019,-0.259219,0.877734,-1.795774,0.156404,1.571424,-1.930844
-0.312442,1.746621,-1.863187,0.423221,1.047954,-1.768361,-0.146718,0.913717,-1.804339,0.222168,1.680887,-2.123241
-0.408949,1.706898,-2.02078,0.459297,1.07027,-1.739967,-0.06951,0.971857,-1.826549,0.189194,1.63772,-2.3349
-0.381699,1.54233,-2.079645,0.410647,1.089366,-1.694122,-0.082953,1.037101,-1.84885,0.210908,1.489858,-2.445861
-0.351222,1.360877,-2.068302,0.36748,1.107479,-1.637476,-0.133811,1.057738,-1.835335,0.267735,1.342508,-2.430255
-0.323067,1.219624,-2.059449,0.348608,1.160831,-1.61103,-0.168338,1.045816,-1.791974,0.296268,1.209197,-2.320614
-0.31173,1.115846,-2.035608,0.360502,1.220987,-1.636471,-0.15257,1.052583,-1.76064,0.305403,1.068827,-2.183825
-0.290996,1.044478,-1.991493,0.39271,1.284458,-1.673672,-0.111654,1.093355,-1.750072,0.278991,0.914432,-2.048923
-0.232834,1.012494,-1.907766,0.405604,1.358203,-1.696564,-0.087681,1.183218,-1.758555,0.26122,0.791335,-1.89547
-0.240116,1.078321,-1.876964,0.384078,1.455619,-1.733109,-0.019722,1.330368,-1.844432,0.235393,0.709525,-1.764615
-0.300101,1.13919,-1.86077,0.292703,1.563152,-1.903367,0.122076,1.412308,-2.034805,0.164834,0.74428,-1.764146
-0.284626,1.163418,-1.821308,0.274073,1.572197,-2.062147,0.165896,1.395942,-2.151192,0.17419,0.842216,-1.815308
-0.273955,1.171813,-1.786674,0.300707,1.450005,-2.105941,0.120193,1.343024,-2.167241,0.183626,0.921955,-1.890621
-0.301257,1.171615,-1.749873,0.311708,1.337525,-2.089879,0.065427,1.266648,-2.105207,0.148195,0.970772,-1.916989
-0.325807,1.176233,-1.696702,0.322888,1.248559,-2.094452,-0.033857,1.19445,-2.05091,0.124181,1.011141,-1.927098
-0.336569,1.208448,-1.691551,0.326346,1.153272,-2.08843,-0.140829,1.136924,-2.031958,0.103472,1.035536,-1.924102
-0.371217,1.240744,-1.707782,0.330019,1.067081,-2.037181,-0.180881,1.085781,-1.989507,0.061237,1.041455,-1.901634
-0.347246,1.302069,-1.773375,0.346219,1.04288,-2.007305,-0.158022,1.058114,-1.899017,0.038021,1.038692,-1.86705
-0.32925,1.393719,-1.777714,0.354266,1.092896,-2.023583,-0.082436,1.069069,-1.773373,0.09955,1.078386,-1.896563
-0.301622,1.552028,-1.828601,0.282804,1.129156,-1.951162,-0.104918,1.152051,-1.765895,0.139308,1.244952,-2.039753
-0.257876,1.636684,-2.039779,0.256711,1.137209,-1.880402,-0.149121,1.179036,-1.760384,0.198092,1.438901,-2.142046
-0.320258,1.620864,-2.214591,0.305722,1.139668,-1.852717,-0.10318,1.168542,-1.740141,0.271731,1.534544,-2.250758
-0.379529,1.537853,-2.234765,0.334019,1.129812,-1.81793,-0.075656,1.162126,-1.724677,0.239924,1.462122,-2.394465
-0.371249,1.393351,-2.182306,0.281039,1.117699,-1.764784,-0.128129,1.16907,-1.71656,0.20379,1.278284,-2.436689
-0.329448,1.274897,-2.107053,0.264653,1.133848,-1.734088,-0.161043,1.123502,-1.661043,0.234568,1.094464,-2.346236
-0.28729,1.279693,-2.106577,0.28979,1.175139,-1.747661,-0.123967,1.044028,-1.538633,0.097284,0.999654,-2.149966
-0.25455,1.273681,-2.055465,0.30721,1.243982,-1.699566,-0.048864,1.106258,-1.481329,0.096115,1.001354,-2.094508
-0.235927,1.261032,-2.003677,0.310298,1.364198,-1.6691,-0.018885,1.253973,-1.48809,0.119656,0.986336,-2.051565
-0.270094,1.243019,-1.952691,0.302898,1.520455,-1.766341,0.001019,1.428025,-1.593635,0.085779,0.967804,-2.003663
-0.300062,1.208727,-1.850874,0.364902,1.660689,-1.938751,0.031851,1.577259,-1.791603,0.057351,0.958915,-1.952358
-0.320812,1.183117,-1.758037,0.400335,1.708007,-2.068246,0.033283,1.653894,-2.000274,0.025775,0.961134,-1.90027
-0.359586,1.179173,-1.707657,0.408565,1.630278,-2.164133,0.021491,1.627734,-2.207517,-0.039736,0.974531,-1.852088
-0.390867,1.179022,-1.670065,0.399182,1.463874,-2.27233,0.003273,1.471494,-2.354999,-0.10244,1.007798,-1.81772
-0.386601,1.176277,-1.617839,0.378602,1.254189,-2.308017,-0.076874,1.222008,-2.368927,-0.129867,1.055741,-1.790373
-0.352413,1.172042,-1.534671,0.37136,0.984768,-2.225941,-0.145703,0.986898,-2.28007,-0.119055,1.118873,-1.771755
-0.260891,1.16653,-1.429436,0.424391,0.965313,-2.228432,-0.135801,0.820444,-2.11915,-0.028976,1.172435,-1.759554
-0.105058,1.215545,-1.369681,0.431294,1.00127,-2.194465,-0.172121,0.74762,-1.858675,0.109366,1.22782,-1.76819
-0.060257,1.374882,-1.427597,0.286667,1.018757,-2.05939,-0.26879,0.787788,-1.747985,0.117562,1.349283,-1.855638
-0.131964,1.554455,-1.597973,0.303119,1.025666,-1.924923,-0.260227,0.847878,-1.767841,0.150322,1.498585,-1.915838
-0.284679,1.714072,-1.786909,0.416259,1.04342,-1.815358,-0.161423,0.902292,-1.779361,0.209232,1.640551,-2.026052
-0.407712,1.738781,-1.972453,0.447721,1.077203,-1.760246,-0.092287,0.977214,-1.805982,0.19669,1.658996,-2.232852
-0.391231,1.607021,-2.058452,0.390491,1.106454,-1.713953,-0.096193,1.053498,-1.828304,0.21822,1.546823,-2.400699
-0.362307,1.432212,-2.055925,0.360995,1.122227,-1.66023,-0.119126,1.081251,-1.816395,0.263183,1.404388,-2.440259
-0.335863,1.282368,-2.045135,0.352862,1.162387,-1.635089,-0.138416,1.068721,-1.775051,0.289718,1.274605,-2.369593
-0.322257,1.163938,-2.026906,0.373792,1.202255,-1.642016,-0.127566,1.061081,-1.736603,0.302585,1.151228,-2.242192
-0.310009,1.080177,-1.983393,0.398248,1.256445,-1.675604,-0.097944,1.090805,-1.724595,0.294578,1.012251,-2.111571
-0.286023,1.032014,-1.929514,0.412572,1.319956,-1.711405,-0.073275,1.158582,-1.733217,0.275627,0.877741,-1.996187
-0.241239,0.996837,-1.843895,0.381212,1.425603,-1.75836,-0.033203,1.290748,-1.780334,0.264427,0.778023,-1.846068
-0.220067,0.984456,-1.794279,0.268944,1.531283,-1.861041,0.014804,1.420379,-1.904951,0.22369,0.78259,-1.823359
-0.309,1.041735,-1.840549,0.21858,1.602852,-2.045736,0.144208,1.421558,-2.078595,0.083769,0.835975,-1.811497
-0.324397,1.076539,-1.831465,0.261428,1.50425,-2.139041,0.15435,1.344995,-2.176414,0.086614,0.901651,-1.890868
-0.300549,1.091208,-1.796333,0.296008,1.32466,-2.108491,0.135234,1.273123,-2.150455,0.099178,0.980831,-1.94583
-0.285676,1.102404,-1.752992,0.306033,1.231368,-2.084014,0.046429,1.218834,-2.069636,0.104923,1.042851,-1.969499
-0.300561,1.138693,-1.726305,0.314364,1.165853,-2.086914,-0.059699,1.160991,-2.032735,0.103938,1.077573,-1.973597
-0.341138,1.179852,-1.735556,0.315525,1.078829,-2.05503,-0.14101,1.104926,-2.002484,0.081644,1.085064,-1.958316
-0.360637,1.226378,-1.785851,0.325011,1.036594,-2.006883,-0.149114,1.077343,-1.919575,0.051791,1.06883,-1.91652
-0.356522,1.294937,-1.823674,0.336977,1.082426,-2.03194,-0.080584,1.068746,-1.783749,0.050287,1.069935,-1.875315
-0.307179,1.432638,-1.859584,0.329442,1.129168,-1.995998,-0.062827,1.129355,-1.765377,0.052085,1.181535,-2.00447
-0.251962,1.590778,-1.972988,0.308895,1.15013,-1.916352,-0.111726,1.168681,-1.767359,0.082926,1.370889,-2.136909
-0.288059,1.636627,-2.169082,0.325134,1.159374,-1.865369,-0.127106,1.166539,-1.754776,0.194791,1.51725,-2.241646
-0.353184,1.579083,-2.258511,0.359843,1.154878,-1.830907,-0.105176,1.152734,-1.738049,0.259072,1.518747,-2.363457
-0.378391,1.456204,-2.227877,0.338564,1.136214,-1.781929,-0.126742,1.15155,-1.727778,0.215223,1.374757,-2.444777
-0.350569,1.304016,-2.132308,0.293642,1.140478,-1.739015,-0.172881,1.13352,-1.698639,0.217444,1.176238,-2.406478
-0.322409,1.304067,-2.139395,0.297545,1.178187,-1.748496,-0.158824,1.053202,-1.598683,0.139098,1.060845,-2.258075
-0.294706,1.295864,-2.074676,0.281082,1.216562,-1.761594,-0.103504,1.070164,-1.468936,0.054118,1.030195,-2.146865
-0.261154,1.269296,-2.015925,0.330626,1.288686,-1.636145,0.020231,1.183114,-1.420369,0.138177,1.011178,-2.05608
-0.254856,1.241329,-1.979358,0.282469,1.428026,-1.74067,0.012884,1.345387,-1.501983,0.118854,1.012361,-2.019428
-0.323825,1.203828,-1.921871,0.326508,1.589601,-1.926893,0.034853,1.514028,-1.681941,0.024268,0.998406,-1.964594
-0.34119,1.159229,-1.819034,0.40191,1.703186,-2.052291,0.061367,1.625524,-1.898003,-0.016671,1.005531,-1.917727
-0.344582,1.153999,-1.741319,0.406171,1.690026,-2.135979,0.004484,1.650534,-2.103306,-0.043876,1.011902,-1.867977
-0.382384,1.154528,-1.696855,0.404964,1.576274,-2.247686,-0.001376,1.575793,-2.304021,-0.110097,1.018178,-1.817793
-0.404284,1.156507,-1.650257,0.39407,1.404613,-2.333806,-0.032156,1.369993,-2.38383,-0.152533,1.052148,-1.787837
-0.380078,1.155949,-1.577844,0.382977,1.127658,-2.28717,-0.113182,1.121818,-2.331951,-0.149203,1.104828,-1.765552
-0.31327,1.156088,-1.481253,0.397618,1.072655,-2.275815,-0.138387,0.914447,-2.205886,-0.08837,1.163656,-1.753303
-0.194553,1.173391,-1.3802,0.435168,1.112825,-2.251613,-0.121699,0.783139,-1.973503,0.069114,1.207311,-1.722426
-0.175872,1.302732,-1.389159,0.319833,1.097483,-2.12183,-0.226334,0.761276,-1.745743,0.027493,1.306429,-1.719814
-0.202348,1.486292,-1.521615,0.287271,1.07999,-1.969624,-0.23186,0.878387,-1.814266,0.034398,1.437946,-1.751529
-0.312453,1.652488,-1.725901,0.374068,1.076486,-1.838386,-0.156986,0.93182,-1.826495,0.200311,1.584261,-1.881801
-0.406152,1.745947,-1.924177,0.376766,1.095903,-1.765427,-0.11695,0.978319,-1.830798,0.248434,1.656092,-2.115909
-0.405028,1.680647,-2.043925,0.318036,1.121905,-1.722851,-0.118792,1.022091,-1.832153,0.265239,1.601589,-2.300468
-0.380577,1.521031,-2.079972,0.302822,1.13831,-1.673394,-0.116621,1.045562,-1.822144,0.278374,1.477193,-2.38855
-0.35277,1.351793,-2.058773,0.313927,1.163453,-1.642428,-0.109405,1.0443,-1.796628,0.280624,1.330089,-2.37295
-0.329148,1.216928,-2.028719,0.328881,1.199076,-1.654152,-0.091082,1.029205,-1.757952,0.283201,1.190504,-2.270632
-0.318147,1.116923,-2.000252,0.360257,1.239939,-1.674651,-0.063181,1.029845,-1.727202,0.282771,1.068897,-2.14649
-0.299927,1.047872,-1.962719,0.369423,1.300059,-1.706768,-0.040558,1.075207,-1.724003,0.278774,0.955242,-2.029082
-0.276579,1.00708,-1.901304,0.356398,1.380284,-1.735815,-0.029939,1.183627,-1.754925,0.268066,0.852251,-1.900151
-0.239481,0.972702,-1.821162,0.290375,1.496156,-1.798405,0.015941,1.336953,-1.85328,0.217953,0.778109,-1.777246
-0.305384,1.046986,-1.83607,0.181367,1.583999,-1.940965,0.100741,1.447978,-1.997519,0.098422,0.789709,-1.773337
-0.36245,1.095893,-1.85086,0.183633,1.53528,-2.105787,0.181093,1.41382,-2.138807,0.075412,0.848619,-1.855449
-0.3305,1.109411,-1.822663,0.269181,1.403206,-2.143374,0.176094,1.305942,-2.18373,0.107001,0.927661,-1.937479
-0.303719,1.117573,-1.774602,0.301835,1.305214,-2.090297,0.10615,1.221665,-2.127163,0.130439,1.000349,-1.990603
-0.312181,1.135956,-1.712454,0.307306,1.228921,-2.063641,0.00065,1.175246,-2.091452,0.149002,1.040478,-2.008378
-0.348893,1.181422,-1.693488,0.303342,1.136551,-2.059581,-0.109914,1.131512,-2.064009,0.131998,1.050548,-1.995251
-0.389702,1.236222,-1.725179,0.322839,1.060199,-2.026871,-0.146901,1.082743,-1.999761,0.082386,1.043175,-1.957702
-0.361855,1.314047,-1.802847,0.331659,1.024034,-1.977724,-0.084081,1.043331,-1.870982,0.047475,1.042988,-1.914302
-0.322269,1.41524,-1.831233,0.343939,1.046702,-1.951316,-0.046893,1.057047,-1.824615,0.112846,1.079183,-1.973438
-0.299286,1.568535,-1.881023,0.314457,1.086722,-1.904762,-0.104379,1.083686,-1.812056,0.132419,1.237671,-2.149107
-0.292831,1.654718,-2.043324,0.326942,1.118869,-1.846687,-0.130256,1.094436,-1.788755,0.188847,1.443992,-2.291569
-0.346061,1.641223,-2.198866,0.346693,1.137131,-1.802156,-0.133891,1.102768,-1.77094,0.236929,1.515275,-2.409278
-0.366892,1.535579,-2.238423,0.327302,1.140332,-1.758839,-0.156172,1.118372,-1.758937,0.217317,1.426772,-2.498242
-0.346782,1.384502,-2.219782,0.289677,1.14095,-1.714331,-0.198094,1.12175,-1.735447,0.203587,1.243628,-2.481729
-0.316901,1.23784,-2.153136,0.299456,1.163591,-1.69315,-0.197303,1.092049,-1.677623,0.198818,1.064589,-2.364809
-0.291274,1.14708,-2.085224,0.329979,1.204037,-1.721585,-0.154242,1.056492,-1.602138,0.096758,0.930716,-2.208221
-0.352469,1.183727,-2.077117,0.302513,1.259267,-1.760361,-0.171499,1.09907,-1.584121,0.079618,0.919285,-2.167368
-0.338882,1.201712,-2.082809,0.332868,1.35529,-1.776374,-0.173642,1.235351,-1.579991,0.084248,0.931913,-2.149532
-0.259319,1.181179,-2.029568,0.319368,1.499257,-1.866253,-0.112544,1.411972,-1.658853,0.118284,0.962946,-2.135714
-0.265672,1.148969,-1.93395,0.326506,1.634708,-1.984651,-0.027014,1.575628,-1.824515,0.094688,0.960869,-2.083007
-0.331448,1.13024,-1.831057,0.391068,1.688075,-2.110004,0.025705,1.65691,-2.018667,0.024662,0.950624,-2.010312
-0.365984,1.134937,-1.752969,0.412444,1.613284,-2.213685,-0.006695,1.624227,-2.258729,-0.032701,0.962585,-1.946158
-0.370809,1.146871,-1.679163,0.397731,1.451123,-2.31755,-0.082268,1.4779,-2.413166,-0.056165,0.986229,-1.890471
-0.373975,1.161081,-1.603438,0.374137,1.273494,-2.326948,-0.163313,1.242533,-2.402293,-0.068323,1.017518,-1.840775
-0.362186,1.174914,-1.521204,0.372798,1.023484,-2.226066,-0.207528,1.011063,-2.293515,-0.061481,1.070362,-1.813798
-0.26353,1.185193,-1.427086,0.410078,0.880181,-2.141471,-0.174143,0.851192,-2.137935,0.026431,1.142323,-1.811791
-0.159451,1.202896,-1.342041,0.455813,0.931629,-2.119198,-0.188445,0.773545,-1.890082,0.131341,1.194048,-1.786414
-0.169778,1.354351,-1.404924,0.366453,0.945721,-2.002919,-0.251241,0.792896,-1.759711,0.095101,1.326321,-1.858828
-0.166665,1.565153,-1.602875,0.355946,0.952454,-1.871804,-0.264437,0.849474,-1.787495,0.096436,1.495865,-1.941543
-0.275236,1.713441,-1.808431,0.438341,0.98256,-1.795227,-0.177544,0.890426,-1.790762,0.173129,1.627331,-2.049123
-0.37638,1.730786,-1.993371,0.444588,1.026105,-1.762693,-0.127404,0.959706,-1.812341,0.17255,1.643888,-2.270032
-0.373793,1.596154,-2.089422,0.406478,1.061437,-1.725723,-0.120064,1.033609,-1.827821,0.199359,1.526202,-2.441176
-0.356828,1.419103,-2.09832,0.384352,1.086438,-1.679026,-0.134116,1.070721,-1.812923,0.252099,1.368704,-2.465772
-0.335615,1.266472,-2.090156,0.371082,1.131969,-1.655848,-0.153527,1.077983,-1.774569,0.287354,1.22606,-2.368052
-0.323093,1.14294,-2.062977,0.378216,1.183843,-1.668773,-0.146036,1.09486,-1.745293,0.298702,1.078756,-2.223697
-0.298028,1.056699,-1.999592,0.399404,1.240574,-1.70524,-0.113341,1.131369,-1.727082,0.282137,0.914952,-2.079011
-0.237096,1.016467,-1.912384,0.411218,1.306807,-1.737265,-0.083286,1.197233,-1.715803,0.264884,0.783722,-1.921564
-0.236547,1.070816,-1.879141,0.399385,1.384977,-1.755014,-0.019027,1.326928,-1.785917,0.25139,0.704397,-1.773179
-0.322503,1.143092,-1.855153,0.276663,1.433032,-1.864578,0.093221,1.439197,-1.94551,0.193702,0.731315,-1.761714
-0.357749,1.169584,-1.820476,0.243685,1.464037,-2.026049,0.174311,1.440541,-2.071052,0.133531,0.835445,-1.760921
-0.298922,1.17555,-1.776094,0.302363,1.46676,-2.114209,0.140326,1.369615,-2.135949,0.162818,0.946825,-1.82972
-0.293256,1.179361,-1.747991,0.313675,1.389929,-2.089706,0.109883,1.281781,-2.116199,0.166663,0.997796,-1.868629
-0.316592,1.18244,-1.703689,0.306127,1.293154,-2.046962,0.021951,1.213703,-2.032112,0.149366,1.023703,-1.870726
-0.339762,1.206541,-1.686123,0.317471,1.196827,-2.068104,-0.102536,1.164677,-1.971939,0.114827,1.039363,-1.855097
-0.364104,1.237809,-1.697109,0.343597,1.08742,-2.055444,-0.181958,1.113016,-1.925535,0.070625,1.053906,-1.838117
-0.34868,1.271591,-1.731366,0.344552,1.00022,-2.001283,-0.149347,1.058649,-1.842076,0.044248,1.059354,-1.807843
-0.319267,1.324092,-1.742039,0.358611,1.012773,-1.986911,-0.061068,1.043701,-1.737621,0.101287,1.080932,-1.828359
-0.280339,1.463834,-1.784292,0.30687,1.073322,-1.936964,-0.044975,1.104983,-1.713317,0.126092,1.218146,-1.966618
-0.278518,1.603122,-1.921911,0.254461,1.103212,-1.869421,-0.115329,1.179574,-1.745198,0.129202,1.408792,-2.127772
-0.324999,1.663229,-2.094759,0.250923,1.118476,-1.840044,-0.131036,1.19437,-1.741219,0.243281,1.543747,-2.226447
-0.344475,1.598716,-2.191969,0.296145,1.122489,-1.830177,-0.078126,1.176124,-1.720642,0.262456,1.541058,-2.329594
-0.363053,1.463097,-2.196788,0.287616,1.118605,-1.7963,-0.094865,1.178441,-1.713467,0.20713,1.400672,-2.413258
-0.342455,1.317625,-2.150692,0.223711,1.124668,-1.765035,-0.164809,1.174072,-1.695185,0.216383,1.210406,-2.386796
-0.301968,1.224609,-2.094882,0.259554,1.164527,-1.734108,-0.176528,1.105718,-1.615662,0.175735,1.051533,-2.254333
-0.268187,1.246968,-2.090242,0.298487,1.217357,-1.753039,-0.115578,1.072477,-1.516804,0.118377,0.986762,-2.152276
-0.321413,1.264023,-2.069995,0.273494,1.305556,-1.760713,-0.078899,1.163198,-1.48799,0.089314,0.962563,-2.10242
-0.311455,1.254578,-2.029493,0.316017,1.448577,-1.788043,-0.069803,1.327648,-1.554286,0.089449,0.973935,-2.087853
-0.285959,1.214224,-1.942705,0.33013,1.60312,-1.901239,0.016204,1.50322,-1.713264,0.094507,0.966004,-2.043297
-0.313361,1.176456,-1.840871,0.36933,1.695876,-2.034785,0.042917,1.627131,-1.909804,0.054965,0.953364,-1.979775
-0.354125,1.159103,-1.75973,0.410404,1.67935,-2.136456,0.021898,1.652594,-2.120922,-0.008151,0.955633,-1.918574
-0.377516,1.158116,-1.699022,0.409202,1.547105,-2.231107,-0.006935,1.558047,-2.32807,-0.064259,0.977795,-1.868608
-0.384858,1.16296,-1.638741,0.384557,1.36906,-2.313747,-0.086688,1.342498,-2.40225,-0.095288,1.012968,-1.828158
-0.377514,1.168619,-1.559058,0.376273,1.128878,-2.275178,-0.165334,1.094986,-2.339489,-0.103554,1.063041,-1.797593
-0.314125,1.175505,-1.460392,0.387249,0.914861,-2.177974,-0.169739,0.89683,-2.207373,-0.049859,1.131404,-1.788056
-0.222033,1.176574,-1.354017,0.447433,0.962286,-2.185281,-0.152616,0.776504,-1.995159,0.056326,1.165034,-1.761637
-0.179436,1.295946,-1.367659,0.40121,0.978654,-2.096981,-0.245518,0.736228,-1.76677,0.083905,1.259337,-1.830753
-0.091026,1.500812,-1.520954,0.332315,0.988867,-1.939336,-0.28809,0.811704,-1.754844,0.125123,1.413209,-1.887754
-0.169916,1.660626,-1.700975,0.406609,0.998828,-1.833298,-0.221724,0.843988,-1.762961,0.14717,1.574351,-1.957385
-0.317503,1.752402,-1.899188,0.475181,1.025474,-1.773755,-0.156946,0.899542,-1.794009,0.197291,1.667132,-2.185729
-0.39578,1.68445,-2.053017,0.495326,1.054375,-1.740683,-0.10845,0.970905,-1.824974,0.159461,1.612625,-2.407877
-0.363184,1.507629,-2.112826,0.442865,1.076125,-1.694598,-0.133401,1.043938,-1.845743,0.196855,1.46308,-2.481845
-0.336542,1.334141,-2.132303,0.403874,1.098724,-1.652569,-0.177277,1.064378,-1.821105,0.266075,1.316464,-2.431276
-0.320414,1.203461,-2.11691,0.397059,1.143466,-1.646761,-0.186578,1.067811,-1.775162,0.300667,1.181127,-2.303383
-0.315846,1.106543,-2.06057,0.405203,1.203094,-1.680485,-0.160773,1.102921,-1.752332,0.29718,1.016138,-2.153216
-0.271075,1.033255,-1.975257,0.419761,1.263407,-1.718163,-0.124115,1.161352,-1.738597,0.273142,0.849851,-2.006683
-0.235206,1.052325,-1.917371,0.42922,1.343653,-1.744948,-0.083365,1.25407,-1.732222,0.277393,0.741007,-1.834963
-0.245121,1.116021,-1.856541,0.424216,1.419404,-1.768134,0.003634,1.378487,-1.850508,0.276205,0.744675,-1.789021
-0.32491,1.141817,-1.814156,0.335795,1.523868,-1.914681,0.130992,1.432705,-2.019125,0.140844,0.811397,-1.765219
-0.298296,1.156905,-1.762346,0.367133,1.57047,-2.051151,0.136743,1.419086,-2.113171,0.117417,0.905566,-1.813018
-0.26774,1.16382,-1.732203,0.359159,1.463724,-2.095252,0.099632,1.375298,-2.131293,0.140714,0.967848,-1.861705
-0.294327,1.165023,-1.718851,0.325661,1.33325,-2.089964,0.038488,1.308752,-2.07084,0.093426,1.003803,-1.865864
-0.317791,1.176029,-1.706261,0.332055,1.228999,-2.128434,-0.076323,1.221896,-2.023454,0.040741,1.033673,-1.854785
-0.328399,1.198007,-1.711387,0.350455,1.12804,-2.113234,-0.168306,1.14785,-2.012123,0.004093,1.065007,-1.848923
-0.336491,1.217241,-1.716882,0.34762,1.017068,-2.033532,-0.177986,1.092354,-1.957908,-0.015528,1.083865,-1.835316
-0.315911,1.264959,-1.736781,0.360833,1.039679,-2.053422,-0.124075,1.064194,-1.821335,-0.009452,1.087256,-1.807232
-0.265509,1.386348,-1.759359,0.355887,1.096134,-2.051344,-0.049037,1.078756,-1.707172,0.07245,1.150093,-1.903663
-0.20354,1.553439,-1.859175,0.233553,1.127292,-1.952478,-0.06257,1.144244,-1.699845,0.071085,1.328005,-2.016956
-0.22707,1.627346,-2.051662,0.256995,1.125777,-1.879673,-0.078045,1.20151,-1.725683,0.149121,1.498731,-2.101379
-0.361165,1.631606,-2.173052,0.320371,1.139632,-1.878572,-0.041015,1.194373,-1.721855,0.256994,1.561445,-2.234967
-0.381011,1.522992,-2.176437,0.324672,1.132987,-1.838814,-0.058636,1.193078,-1.724132,0.23448,1.461803,-2.38299
-0.356359,1.366221,-2.11398,0.280924,1.122501,-1.778075,-0.131111,1.186631,-1.716305,0.226678,1.29399,-2.415592
-0.312595,1.321493,-2.11264,0.296442,1.136189,-1.746375,-0.149262,1.124506,-1.647394,0.251344,1.143206,-2.313558
-0.271126,1.305893,-2.076153,0.298344,1.181219,-1.745848,-0.106625,1.064105,-1.525694,0.110244,1.071758,-2.139931
-0.283823,1.285667,-2.028922,0.27959,1.240795,-1.707391,-0.025649,1.129574,-1.449616,0.091677,1.061347,-2.099696
-0.299725,1.261574,-2.011524,0.298814,1.363352,-1.679716,0.076688,1.273194,-1.47182,0.059801,1.03223,-2.054482
-0.332637,1.224911,-1.990542,0.318008,1.538529,-1.79167,0.117888,1.434981,-1.606336,-0.001969,0.997328,-1.99421
-0.337416,1.181671,-1.895532,0.371523,1.678556,-1.95865,0.045374,1.581818,-1.818272,-0.023918,0.994607,-1.947146
-0.355951,1.155783,-1.787828,0.395691,1.714116,-2.084091,-0.015143,1.655549,-2.037206,-0.047149,0.990734,-1.889089
-0.39095,1.15146,-1.727364,0.407356,1.634265,-2.206119,-0.010912,1.619416,-2.236514,-0.106791,0.998831,-1.836016
-0.404869,1.153181,-1.671324,0.404852,1.473028,-2.318409,-0.01031,1.463027,-2.369472,-0.146088,1.033626,-1.805227
-0.385841,1.154388,-1.602308,0.387018,1.229288,-2.318421,-0.077789,1.220889,-2.366001,-0.147247,1.081065,-1.78037
-0.345086,1.156725,-1.51349,0.383599,1.054349,-2.259669,-0.138001,0.989568,-2.26522,-0.112909,1.140666,-1.766866
-0.251199,1.164216,-1.412449,0.42437,1.111386,-2.260991,-0.128493,0.825092,-2.085721,-0.013952,1.184583,-1.749699
-0.095801,1.248267,-1.375918,0.395088,1.115166,-2.166889,-0.198061,0.743866,-1.833638,0.054147,1.261354,-1.738271
-0.097451,1.405265,-1.450932,0.237932,1.094963,-1.985732,-0.316877,0.823104,-1.784345,0.02002,1.388262,-1.776251
-0.200173,1.580339,-1.624908,0.302781,1.078847,-1.838002,-0.265163,0.900355,-1.832358,0.105656,1.538042,-1.857182
-0.364425,1.724714,-1.84113,0.412481,1.086042,-1.76043,-0.144584,0.934819,-1.837695,0.193473,1.64124,-2.011097
-0.417093,1.728251,-2.00187,0.373303,1.115202,-1.725585,-0.120176,0.98686,-1.854471,0.211559,1.630993,-2.224478
-0.383729,1.585493,-2.075479,0.317178,1.133635,-1.686344,-0.129062,1.023503,-1.856107,0.249083,1.532949,-2.372663
-0.361003,1.413587,-2.081577,0.318101,1.147862,-1.640493,-0.126691,1.025974,-1.833627,0.277267,1.39805,-2.406463
-0.337398,1.268415,-2.066216,0.320678,1.18844,-1.642348,-0.118129,1.009251,-1.793524,0.289531,1.253837,-2.332957
-0.329092,1.154056,-2.03698,0.340626,1.222473,-1.655073,-0.089109,1.001249,-1.755565,0.290239,1.121899,-2.20282
-0.311765,1.072091,-1.9931,0.354708,1.274341,-1.680077,-0.061805,1.034646,-1.745052,0.282435,0.991013,-2.078121
-0.280965,1.021794,-1.942027,0.361465,1.338737,-1.695873,-0.043502,1.112751,-1.760628,0.264303,0.871261,-1.973234
-0.237896,0.999836,-1.864577,0.312733,1.444457,-1.733936,-0.015835,1.255595,-1.809715,0.240438,0.773581,-1.826901
-0.267143,1.086803,-1.860462,0.242826,1.52386,-1.863533,0.052796,1.40349,-1.932219,0.123918,0.718136,-1.740169
-0.286946,1.139528,-1.85357,0.200243,1.58171,-2.058371,0.139152,1.426285,-2.09738,0.094574,0.791253,-1.807137
-0.278141,1.156937,-1.823862,0.279241,1.510254,-2.180353,0.185511,1.352536,-2.192301,0.117053,0.862302,-1.894154
-0.24915,1.158075,-1.774165,0.30913,1.361826,-2.142438,0.121739,1.279339,-2.171642,0.135337,0.947129,-1.964425
-0.270046,1.163835,-1.718305,0.303332,1.257157,-2.120989,0.015307,1.222558,-2.107725,0.122962,0.994749,-1.99084
-0.308439,1.18941,-1.675451,0.317817,1.168135,-2.1185,-0.08883,1.17258,-2.083398,0.100686,1.019425,-1.993222
-0.332594,1.239663,-1.689233,0.323129,1.074613,-2.066566,-0.166985,1.115764,-2.051614,0.068324,1.032836,-1.975718
-0.336034,1.303236,-1.744919,0.334927,1.0141,-2.009976,-0.183128,1.084969,-1.998261,0.02841,1.040687,-1.954938
-0.280692,1.405135,-1.814027,0.356248,1.042823,-2.029708,-0.126832,1.069409,-1.843058,0.025052,1.039098,-1.913185
-0.294776,1.547543,-1.844439,0.339557,1.090604,-2.021714,-0.03569,1.106573,-1.742956,0.055722,1.131102,-1.992868
-0.275555,1.660614,-1.957342,0.303133,1.119502,-1.952216,-0.085513,1.166727,-1.756176,0.093189,1.334121,-2.134723
-0.287085,1.667017,-2.144037,0.309604,1.131423,-1.894949,-0.094006,1.188213,-1.744431,0.199851,1.491415,-2.230101
-0.350925,1.586879,-2.234219,0.334822,1.131372,-1.851091,-0.081584,1.186816,-1.724795,0.267055,1.504434,-2.374174
-0.366345,1.452087,-2.215826,0.314591,1.121532,-1.790785,-0.109323,1.192231,-1.710323,0.256936,1.387351,-2.455137
-0.344929,1.309901,-2.136137,0.278579,1.131344,-1.736833,-0.161922,1.173257,-1.674119,0.269128,1.209437,-2.401532
-0.310018,1.196377,-2.039913,0.28956,1.173251,-1.720002,-0.164785,1.105986,-1.592819,0.208619,1.02921,-2.248296
-0.295467,1.215382,-2.042428,0.30198,1.212978,-1.749584,-0.133,1.063697,-1.514704,0.137669,0.956547,-2.14388
-0.365265,1.245836,-2.046206,0.269827,1.30466,-1.801149,-0.133463,1.150235,-1.562282,0.083857,0.938674,-2.091467
-0.35626,1.241271,-2.010827,0.33925,1.447148,-1.861788,-0.109884,1.308946,-1.63343,0.072431,0.9636,-2.075657
-0.299311,1.201819,-1.913695,0.34435,1.595615,-1.961327,0.001504,1.492072,-1.766492,0.09756,0.981228,-2.03598
-0.316344,1.168646,-1.816207,0.372339,1.676408,-2.061078,0.046422,1.61664,-1.951846,0.06602,0.977442,-1.971663
-0.365582,1.153174,-1.74708,0.412316,1.648912,-2.151003,0.055055,1.634615,-2.178488,0.004076,0.969982,-1.901414
-0.387027,1.153963,-1.693738,0.408464,1.510235,-2.260859,0.025167,1.517313,-2.372721,-0.034744,0.983738,-1.849273
-0.399618,1.162429,-1.63992,0.377082,1.322862,-2.333311,-0.081799,1.280297,-2.41716,-0.061427,1.017889,-1.810635
-0.397571,1.16972,-1.566853,0.373562,1.058921,-2.275154,-0.162868,1.034579,-2.335771,-0.074774,1.074277,-1.784078
-0.300168,1.173933,-1.466159,0.425003,0.958198,-2.229088,-0.144427,0.850903,-2.166635,0.005294,1.143955,-1.775812
-0.189005,1.183097,-1.354791,0.466947,1.006244,-2.209474,-0.154816,0.752315,-1.90714,0.144732,1.186854,-1.739645
-0.193391,1.314589,-1.371956,0.368285,1.009491,-2.090913,-0.233942,0.746836,-1.717995,0.111814,1.304356,-1.787612
-0.175011,1.515291,-1.533886,0.352081,1.009194,-1.94404,-0.238912,0.838817,-1.774601,0.102955,1.458145,-1.838237
-0.298286,1.6744,-1.749473,0.4371,1.022476,-1.823541,-0.161799,0.896215,-1.790201,0.201846,1.606455,-1.942029
-0.39201,1.745759,-1.943764,0.440648,1.059576,-1.76829,-0.106868,0.967648,-1.809609,0.212558,1.659114,-2.185572
-0.390672,1.652923,-2.050483,0.388118,1.092984,-1.726662,-0.097918,1.036136,-1.821788,0.223878,1.580394,-2.371926
