0.0,0.0,0.0,1.0,0.133973,-0.005758,-0.186647,0.0,0.0,0.0,0.0,0.0,0.0,0.0,0.0,0.0,0.0,0.0,0.0,0.0,0.0,0.0,0.0,0.9,-1.8,0.0,0.9,-1.8,0.0,0.9,-1.8,0.0,0.9,-1.8
0.000184,-0.007224,-5.6e-05,0.999974,0.342312,0.025835,-0.167554,0.13782,-0.956808,-0.004715,-0.498574,4.018912,3.31241,0.661837,1.756021,1.933456,-0.632835,1.434657,0.93064,0.505865,3.408507,2.108888,-0.012963,1.004492,-1.713877,0.017208,0.945657,-1.74973,-0.016454,0.937301,-1.775803,0.013152,0.988621,-1.745169
0.011519,-0.018373,-0.001219,0.999764,0.461332,0.124718,-0.17427,1.318999,-0.844933,-0.415819,0.492999,8.636453,1.882859,-0.314215,4.607167,2.545596,-1.095528,2.999874,-1.607035,-0.955862,3.390303,-2.036391,-0.000145,1.22904,-1.664923,0.009038,1.065443,-1.683545,-0.044937,1.015298,-1.817586,-0.0117,1.076769,-1.798115
0.021829,-0.026738,-0.010028,0.999354,0.534967,0.190801,-0.144422,0.722104,-0.726027,-0.795858,-0.883015,5.255539,-0.105879,-0.842404,3.405336,1.363453,-1.754972,2.655981,-1.289127,2.016827,4.662796,-1.050829,-0.023103,1.365684,-1.667676,-0.012864,1.153982,-1.648095,-0.090567,1.084353,-1.851104,0.040738,1.198002,-1.825437
0.027472,-0.032157,-0.021617,0.998871,0.574664,0.161241,-0.167537,0.08516,-0.097788,-0.811843,-2.635127,-0.283193,-0.431909,-0.865387,2.275402,0.474627,-2.11298,1.966562,-0.311139,7.124478,4.00834,0.711478,-0.091617,1.358321,-1.678906,-0.035364,1.213142,-1.635755,-0.145504,1.135484,-1.859193,0.225974,1.302219,-1.806938
0.02679,-0.025236,-0.028815,0.998907,0.619049,0.110023,-0.106254,-1.068793,0.931839,-0.29538,-2.885493,-0.385887,-0.744675,-0.554969,2.111885,-0.491891,-1.255839,0.552488,1.046105,1.884548,-0.076921,1.371019,-0.166639,1.348287,-1.698267,-0.049794,1.268051,-1.648544,-0.178156,1.149849,-1.831994,0.274972,1.300219,-1.771292
0.009203,-0.011307,-0.027011,0.999529,0.696339,0.111739,-0.000279,-1.579448,0.983957,0.624574,-3.318555,-0.441444,-2.432552,0.810197,2.032463,-1.142447,1.128568,0.210927,1.723141,-1.480819,-3.97385,-1.738566,-0.252922,1.33681,-1.761513,-0.028728,1.320895,-1.678247,-0.148813,1.155333,-1.787193,0.236471,1.196899,-1.816494
-0.005708,-0.005546,-0.016014,0.99984,0.767436,0.115188,0.120275,-0.394078,-0.00715,0.967479,-0.938445,0.166042,-4.226234,0.624306,1.493384,0.352275,1.709427,1.630963,1.48912,-1.585496,-5.759617,-2.263814,-0.277321,1.341127,-1.871395,-0.012497,1.359723,-1.669088,-0.104368,1.197738,-1.748476,0.195248,1.047148,-1.875354
-0.002771,-0.007363,-0.004425,0.999959,0.827899,0.060347,0.136271,0.637078,-0.219687,0.721931,-0.001981,-0.767174,-5.154325,-0.684372,0.574032,2.456801,0.399517,2.261889,1.664497,0.605851,-2.73206,-0.408147,-0.277373,1.321181,-2.005408,-0.03029,1.374648,-1.605211,-0.093981,1.256547,-1.705199,0.211,0.976115,-1.885965
0.004741,-0.010502,0.002575,0.99993,0.831403,-0.036462,0.104902,0.513394,-0.294286,0.310546,0.266781,-2.771048,-3.25392,-0.810866,-0.039953,3.800862,-0.167253,1.765336,2.433024,1.528171,0.629375,1.237612,-0.270437,1.249133,-2.09001,-0.051373,1.373609,-1.506389,-0.098329,1.302446,-1.64194,0.250733,0.992479,-1.853788
0.011582,-0.014341,0.005376,0.999816,0.807982,-0.089434,-0.046421,0.752644,-0.38586,0.116251,1.878023,-3.528317,-0.739809,-0.434696,-0.343945,4.473257,-0.744195,1.392379,2.113967,1.051828,1.463483,2.927849,-0.221608,1.157397,-2.109245,-0.062675,1.364667,-1.390084,-0.117678,1.338647,-1.586977,0.27808,1.030529,-1.777663
0.023618,-0.016793,0.006906,0.999556,0.778555,-0.11787,-0.312103,1.183296,-0.046661,0.060032,4.530406,-3.688579,2.069774,-0.635216,-0.426024,2.567281,-2.135733,0.758461,2.103774,-2.026511,0.793041,2.759579,-0.103817,1.061494,-2.055431,-0.07919,1.35359,-1.323335,-0.173207,1.358367,-1.532279,0.225391,1.051148,-1.705914
0.038646,-0.012434,0.008395,0.99914,0.772363,-0.122823,-0.252144,2.823081,0.861498,-0.011806,5.755041,-2.266393,5.49738,0.616396,1.380762,-5.560541,-2.344562,0.604171,0.163872,-2.925463,1.086456,1.981891,0.045814,1.002568,-1.912499,-0.063164,1.38949,-1.467909,-0.234166,1.374076,-1.528018,0.149329,1.079396,-1.654385
0.052621,0.001096,0.003581,0.998608,0.740221,-0.105685,-0.12308,0.313975,0.487681,-0.662493,0.099068,3.898499,-3.3675,4.719341,-0.922479,-7.626835,-0.513226,-0.801955,0.432404,-0.926782,1.321207,0.997191,0.048389,1.103929,-2.000054,0.059539,1.365505,-1.666207,-0.24751,1.353225,-1.516776,0.125233,1.113748,-1.628458
0.045499,0.006952,-0.006169,0.998921,0.743082,-0.063946,-0.025192,-0.786073,0.405385,-0.667555,1.602407,3.198271,-1.159235,4.7463,-1.514897,-4.403388,0.533162,-0.184761,-3.365423,0.227444,2.102308,0.932449,0.090052,1.187084,-2.030194,0.182942,1.326118,-1.780695,-0.233648,1.348421,-1.604277,0.131146,1.168408,-1.604215
0.026524,0.005067,-0.009559,0.99959,0.736101,0.00726,-0.022392,-2.269693,-0.670012,0.206539,1.857166,2.671833,0.901235,2.474851,0.014917,-1.397326,0.910279,-1.115428,-4.940077,2.249488,1.261936,0.885651,0.138338,1.256551,-2.006762,0.247289,1.326506,-1.817025,-0.20998,1.31942,-1.732719,0.189633,1.201218,-1.581188
0.007697,-0.005037,-0.001013,0.999957,0.751474,0.079672,-0.03582,-0.674096,-0.792841,0.778542,1.126458,2.352448,2.600693,-0.155786,0.098438,-1.1889,-0.83027,-0.908025,-4.587927,2.025207,2.13311,0.3077,0.167626,1.317715,-1.939144,0.243238,1.329065,-1.847937,-0.231567,1.295811,-1.852005,0.242288,1.256679,-1.573187
0.012084,-0.013094,0.006902,0.999817,0.801476,0.095503,0.013669,0.856852,-0.626476,0.277232,-0.693431,2.459471,2.009764,0.57493,-1.238263,-3.147266,-1.665028,-2.795211,-4.568415,-1.167056,2.656365,-0.225202,0.149597,1.381661,-1.88689,0.258186,1.29687,-1.929766,-0.274858,1.223136,-1.970784,0.211945,1.325744,-1.579043
0.027491,-0.023627,0.005935,0.999325,0.834491,0.053187,0.088301,1.238332,-0.96471,-0.449964,-1.46218,2.141276,2.379308,0.85878,-3.447629,-3.825271,-0.432467,-3.954437,-3.717916,-1.98241,2.817524,1.245357,0.11158,1.437334,-1.825028,0.280515,1.207232,-2.029223,-0.286102,1.120321,-2.067449,0.160402,1.399,-1.546663
0.029712,-0.035189,-0.001968,0.998937,0.81097,0.055734,0.035767,-0.835957,-0.868516,-0.439276,-0.414712,1.200935,3.365748,0.764081,-5.443071,-2.175866,1.328459,-3.528148,-0.822817,-1.165727,2.650561,2.198156,0.100798,1.468559,-1.737519,0.300381,1.065712,-2.085795,-0.251562,1.028589,-2.088843,0.130093,1.467914,-1.489511
0.012996,-0.043988,-0.00447,0.998938,0.738204,0.129823,-0.075665,-1.502424,-0.386013,0.343448,0.980245,0.41913,4.13031,-1.51524,-4.910854,0.766885,0.77142,-1.998038,2.53337,1.287722,1.431902,1.992717,0.126284,1.479456,-1.630131,0.260985,0.93803,-2.065856,-0.231505,0.97664,-2.022975,0.163574,1.505144,-1.437701
0.014116,-0.041161,0.004214,0.999044,0.6855,0.20486,-0.06687,0.938171,0.848985,0.868045,-1.251744,0.244678,1.46716,-5.97814,-2.76278,5.873243,-0.568748,0.224383,4.691483,0.598811,-0.716673,-0.305154,0.093739,1.485818,-1.591984,0.105553,0.866198,-1.913152,-0.246293,0.982474,-1.900996,0.179143,1.48651,-1.445635
0.004664,-0.015338,0.011175,0.999809,0.73267,0.129875,-0.002489,-0.01041,1.882126,0.352886,-0.512386,-0.12504,-1.273509,-2.63523,0.71099,0.800529,0.763536,0.242789,1.885658,-0.193347,-2.50334,-3.142796,0.080417,1.482567,-1.625096,0.037037,0.884683,-1.892338,-0.226441,0.988786,-1.851969,0.174116,1.421424,-1.527347
0.002136,-0.000749,0.012055,0.999925,0.691517,0.01365,0.03176,-1.373862,0.482556,-0.277055,-4.883681,-2.864112,-2.731303,-0.479755,2.622282,-1.86687,-0.152268,0.482897,2.081868,0.545639,-1.516029,-0.402967,-0.046559,1.4081,-1.696109,0.024563,0.952863,-1.940877,-0.2304,1.001342,-1.797841,0.188303,1.382007,-1.537825
-0.01496,0.000405,0.006354,0.999868,0.613283,-0.005606,0.094342,-0.944642,-0.100175,-0.459087,-6.892237,-3.627702,-2.053626,1.403724,3.284692,-0.262598,1.303767,0.580761,0.826733,1.509569,-0.800511,0.180066,-0.225757,1.31378,-1.749504,0.06106,1.038265,-1.947704,-0.196502,1.016441,-1.776346,0.227551,1.361194,-1.533143
-0.019947,-0.003049,0.001047,0.999796,0.59972,0.042816,0.073454,-0.140094,-0.144837,-0.233562,-3.170297,-2.591376,-1.424411,0.628732,2.394351,1.135132,0.230748,0.891614,0.628604,0.756439,-1.264345,-0.054823,-0.308185,1.246404,-1.786538,0.077407,1.100518,-1.918191,-0.190503,1.039623,-1.760002,0.247219,1.328321,-1.534568
-0.009687,-0.002193,0.002663,0.999947,0.617536,0.063644,0.043398,1.412855,0.129262,0.298045,-0.130705,-0.888538,-3.197549,-0.990758,1.545473,1.100074,-0.729154,1.551413,1.033994,-0.431596,-1.564391,-2.376268,-0.311583,1.223302,-1.869675,0.051647,1.1407,-1.889589,-0.209461,1.07996,-1.733118,0.235997,1.287646,-1.596351
0.005434,0.00082,0.006788,0.999962,0.671169,0.039773,0.044832,0.965049,0.261009,0.389244,0.878162,0.592181,-3.82216,-1.57083,1.437049,0.88989,-1.046335,1.485756,1.14471,0.439262,-3.783256,-3.617475,-0.288751,1.238699,-1.969051,0.010806,1.178063,-1.866452,-0.236665,1.11859,-1.703356,0.247418,1.189282,-1.690406
0.007591,0.001031,0.01017,0.999919,0.723355,0.010405,0.070914,-0.027927,-0.22647,0.056325,2.262478,-1.149083,-2.910814,-0.449286,1.65694,1.082373,-0.032981,1.57628,1.377695,0.792586,-2.507957,-2.00127,-0.229927,1.208822,-2.044732,-0.000876,1.221144,-1.83831,-0.237523,1.159573,-1.667536,0.268025,1.124075,-1.742439
0.008548,-0.002172,0.009459,0.999916,0.737084,-0.037975,0.063277,0.238681,-0.261483,-0.14337,2.412915,-2.041214,-0.891719,-0.117548,1.615963,1.943571,-0.198255,1.561006,1.652469,0.036389,-0.423373,0.671845,-0.167191,1.155751,-2.067917,-0.003932,1.263159,-1.787777,-0.242677,1.200159,-1.624571,0.268971,1.113067,-1.724971
0.016651,-0.006014,0.008346,0.999808,0.715113,-0.074725,-0.017465,1.034924,-0.414303,-0.004304,1.737052,-1.390832,0.771817,-0.544491,1.187631,2.652634,-0.718641,1.558022,1.805699,-0.366473,-0.782155,1.818263,-0.122027,1.119589,-2.047849,-0.018089,1.294037,-1.718809,-0.261362,1.240668,-1.577623,0.259443,1.092731,-1.677696
0.034679,-0.009271,0.008872,0.999316,0.667946,-0.081765,-0.178217,1.52088,-0.0828,0.022991,2.033859,-0.538126,2.133881,-1.15045,0.802609,2.853056,-1.264832,1.822069,1.451043,-1.380314,-1.346878,2.409369,-0.069147,1.105598,-1.992369,-0.048,1.314905,-1.644629,-0.294248,1.288042,-1.539896,0.223555,1.057712,-1.615052
0.049923,-0.000474,0.010226,0.998701,0.66211,-0.058362,-0.144086,0.208219,0.783955,-0.120421,1.611187,1.314181,1.331582,0.775208,0.728046,-1.573349,-0.408915,0.675538,0.355026,-0.920169,0.514627,1.77859,-0.027256,1.139767,-1.957747,-0.027845,1.333834,-1.685536,-0.30488,1.305606,-1.530666,0.199631,1.071093,-1.568809
0.029808,0.004463,0.008901,0.999506,0.689457,-0.012783,-0.082507,-1.956398,0.118809,0.03973,1.9599,2.581822,-0.416014,5.651258,-0.021993,-3.299136,1.840875,0.090824,-3.918333,1.809977,1.56059,0.630804,0.023701,1.206894,-1.968564,0.119088,1.333263,-1.771314,-0.257017,1.307967,-1.632542,0.24669,1.111668,-1.552408
0.008675,0.000462,0.012772,0.999881,0.701225,0.046446,-0.045272,-1.450871,-0.650928,0.41304,1.643878,2.477179,1.198809,4.612916,0.186474,-1.932943,0.178156,-0.380699,-4.444685,2.247499,2.001337,0.458898,0.066442,1.271301,-1.937395,0.239024,1.338111,-1.82157,-0.252385,1.298069,-1.748104,0.305125,1.163703,-1.540477
-0.002319,-0.009223,0.017048,0.999809,0.711516,0.098157,0.003473,-0.474381,-0.866267,0.112395,0.649519,2.240417,2.063347,1.639838,-0.040796,-1.54124,-0.551762,-0.672532,-3.56705,0.6509,3.018459,-0.35687,0.08333,1.329551,-1.883748,0.281659,1.33705,-1.861643,-0.26673,1.280583,-1.840847,0.322048,1.242183,-1.549755
0.004543,-0.019041,0.014429,0.999704,0.744828,0.097071,0.084119,1.033155,-0.644896,-0.559349,-0.752687,1.938841,2.086039,0.305033,-1.571653,-2.977686,-0.644454,-2.545803,-4.089346,-1.376164,3.173911,0.364508,0.06376,1.379961,-1.829511,0.28959,1.296187,-1.939063,-0.283486,1.214392,-1.94717,0.286268,1.324704,-1.540278
0.016776,-0.025079,0.005856,0.999528,0.783024,0.090445,0.116492,0.652089,-0.287659,-0.598078,-1.244557,1.288046,2.24133,0.388177,-4.054697,-3.4723,0.738101,-3.744547,-3.798823,-2.241203,2.260375,1.764559,0.031401,1.413451,-1.771236,0.299683,1.190765,-2.029342,-0.264296,1.117034,-2.04594,0.227997,1.383474,-1.494399
0.00857,-0.028877,0.001727,0.999545,0.784701,0.134408,0.028644,-1.592368,-0.406336,0.163513,0.208285,0.410456,3.374419,0.714194,-5.718765,-1.892042,1.219195,-3.028989,-0.534105,-0.157795,1.14615,2.761916,0.036817,1.424122,-1.683501,0.318252,1.042077,-2.078535,-0.232597,1.03828,-2.059826,0.223894,1.413274,-1.42259
-0.010553,-0.032328,0.006873,0.999398,0.75557,0.178141,-0.097473,-1.283152,0.047755,0.631374,0.915232,0.105461,4.110613,-1.378667,-4.675537,0.701202,-0.346984,-1.54387,2.829317,1.64772,0.451397,2.052041,0.060613,1.426864,-1.576625,0.282407,0.920513,-2.060304,-0.241618,0.99814,-1.986264,0.266735,1.42501,-1.369237
-0.012236,-0.02483,0.015729,0.999493,0.688902,0.198206,-0.122059,0.431558,1.118246,0.808658,-0.885036,-0.038918,1.055383,-4.417621,-1.950631,6.823215,0.808356,0.380928,5.524873,-0.332836,-0.661538,-0.229979,0.037602,1.425853,-1.549185,0.167548,0.869797,-1.882901,-0.220601,1.008044,-1.842617,0.258081,1.40781,-1.375216
-0.000638,-0.00162,0.023568,0.999721,0.70758,0.136776,-0.037996,1.111648,1.81056,0.452629,-2.572846,-0.027239,-2.432943,-3.0809,1.810993,-0.835857,-0.207263,0.732927,2.051861,-2.943336,-1.664967,-2.248884,-0.029292,1.425144,-1.612442,0.087445,0.916883,-1.904633,-0.22599,1.0271,-1.789269,0.181554,1.364521,-1.433687
0.005172,0.014247,0.02647,0.999535,0.667683,0.013504,0.110547,-0.199283,0.509085,-0.086298,-3.620525,-0.77513,-3.769892,-1.163359,2.5954,-2.036375,-0.670516,0.541467,1.792152,-0.679506,-0.730236,-1.355868,-0.123426,1.404991,-1.710459,0.057198,0.984363,-1.957579,-0.243423,1.041178,-1.742673,0.163887,1.345535,-1.46894
0.00438,0.015386,0.021578,0.999639,0.663271,-0.078474,0.154566,0.274405,-0.228561,-0.615389,-4.761826,-2.28352,-2.141287,0.014655,2.740309,0.439755,-0.24026,0.878011,1.392897,2.77963,0.250403,-0.997181,-0.247233,1.345619,-1.766132,0.057579,1.055611,-1.946145,-0.24967,1.064006,-1.706458,0.236158,1.352045,-1.494866
0.010973,0.007165,0.010573,0.999858,0.692007,-0.077891,0.085015,0.613299,-1.037515,-0.901191,-1.836992,-2.079108,-1.401552,0.064799,2.026239,2.728931,-0.931112,1.252645,1.064609,1.754748,-1.358352,-0.443879,-0.294995,1.291563,-1.802573,0.059263,1.108293,-1.875193,-0.273879,1.096575,-1.678778,0.281781,1.316728,-1.506407
0.016866,-0.004339,0.000593,0.999848,0.723073,-0.035443,0.030908,0.152145,-0.637777,-0.452444,-0.210453,-1.4895,-2.244473,0.061335,1.89349,3.079931,-1.109107,1.975879,1.042618,0.294628,-2.075971,-2.025245,-0.300467,1.252836,-1.860929,0.060858,1.157524,-1.795115,-0.302716,1.147948,-1.65167,0.289441,1.262753,-1.559064
0.015292,-0.009215,-0.001218,0.99984,0.770252,0.020528,0.069088,-0.292543,-0.174293,0.226805,-0.01868,-0.485651,-3.705026,0.272001,1.784496,1.941862,0.026277,1.835482,1.358601,-0.992146,-3.231074,-4.931272,-0.300953,1.240209,-1.95726,0.06793,1.203921,-1.744626,-0.302032,1.19567,-1.616346,0.263646,1.178745,-1.687277
0.009217,-0.010554,0.004848,0.99989,0.841588,0.028594,0.099621,-0.18343,-0.076232,0.593556,1.132564,-1.70109,-3.688116,0.311954,1.544961,1.537092,0.999333,1.732894,1.924092,-1.071212,-2.924101,-3.617314,-0.271506,1.19598,-2.053151,0.076041,1.24409,-1.704662,-0.27605,1.240726,-1.56632,0.235794,1.102719,-1.781327
0.007637,-0.013567,0.013221,0.999791,0.858402,-0.048946,0.088552,0.350095,-0.383958,0.513917,3.271199,-2.438461,-1.809457,-0.12612,1.16477,2.328342,0.821669,1.717009,2.5097,0.243586,-1.100555,0.19687,-0.186455,1.13258,-2.100197,0.072762,1.274374,-1.644125,-0.254686,1.285368,-1.501068,0.242127,1.074104,-1.776208
0.020121,-0.018167,0.017987,0.999471,0.814087,-0.105175,-0.076222,1.478002,-0.40732,0.109985,3.384843,-1.937254,0.514674,-0.943069,0.650589,3.491029,-0.392619,1.61545,2.054576,0.200132,-0.047841,2.784068,-0.098449,1.082212,-2.086815,0.048242,1.291289,-1.553358,-0.264894,1.32737,-1.447649,0.247331,1.07286,-1.703822
0.045822,-0.016991,0.018555,0.998633,0.766843,-0.096765,-0.28063,1.899041,0.523957,-0.045722,2.008556,-0.892471,2.686695,-1.730038,-0.282416,1.645969,-1.21847,0.973632,-0.693165,-1.850796,-1.087604,2.994547,-0.046227,1.059007,-2.016961,0.003261,1.283946,-1.510563,-0.296575,1.352684,-1.465671,0.19921,1.044583,-1.625964
0.05594,-0.001493,0.019757,0.998238,0.740812,-0.07261,-0.195138,-0.43212,0.955887,0.077037,1.158533,1.58195,1.769728,0.357297,1.652302,-4.949335,0.349746,-0.195194,-1.048293,-0.632814,0.548225,1.58889,-0.016105,1.100138,-1.970948,0.012551,1.326906,-1.639246,-0.287481,1.347609,-1.492927,0.182757,1.058836,-1.584653
0.031743,0.003965,0.021447,0.999258,0.766017,-0.029913,-0.139285,-2.196564,0.264571,0.163052,2.242549,3.296879,-0.873344,3.991684,-0.259164,-4.900308,2.177802,-0.058355,-4.252625,2.432251,1.763448,0.461997,0.042202,1.185857,-1.993655,0.116335,1.320168,-1.766654,-0.230858,1.346092,-1.603495,0.245995,1.104686,-1.572641
0.008315,0.0013,0.025082,0.99965,0.762037,0.03949,-0.058091,-1.455423,-0.543699,0.274092,1.954784,3.077398,0.705173,3.814986,-0.016952,-1.879969,0.088468,-1.19061,-4.761807,2.493538,2.226951,0.418907,0.093026,1.265869,-1.975321,0.215524,1.319727,-1.815533,-0.228558,1.315136,-1.727302,0.310827,1.162587,-1.56175
0.002136,-0.005778,0.026572,0.999628,0.75302,0.087481,0.012973,0.130362,-0.537693,-0.15882,0.435055,2.752766,1.481657,2.130594,0.220074,-1.149446,-1.221355,-1.172434,-3.620867,0.099739,3.124143,-0.034507,0.104337,1.337441,-1.936798,0.27092,1.325449,-1.845418,-0.260313,1.284653,-1.821444,0.313421,1.243815,-1.562647
0.01224,-0.012056,0.020536,0.999641,0.756012,0.082155,0.08061,0.924854,-0.491695,-0.770855,-0.904582,2.131979,1.736615,0.905606,-1.029591,-2.611992,-0.364862,-2.522441,-4.239802,-2.354342,3.23804,0.520899,0.080818,1.392873,-1.891646,0.294465,1.29868,-1.91333,-0.2698,1.219069,-1.931679,0.252208,1.328004,-1.549103
0.016738,-0.017883,0.009873,0.999651,0.786283,0.098202,0.0968,-0.270334,-0.426707,-0.666473,-0.585568,1.294395,2.33011,0.71967,-3.776206,-3.61897,0.849417,-3.294581,-4.294018,-1.932418,2.499329,1.683875,0.065594,1.426527,-1.831063,0.313177,1.200498,-2.007423,-0.247715,1.13341,-2.043324,0.201965,1.392986,-1.505323
0.004262,-0.023117,0.004922,0.999712,0.805357,0.157526,0.000344,-1.418234,-0.441417,0.041296,0.520335,0.532033,3.393764,0.024793,-5.793739,-2.480811,0.407609,-3.018401,-1.774992,0.106654,1.470488,2.554645,0.079122,1.44036,-1.742825,0.313821,1.049861,-2.071925,-0.237117,1.054932,-2.089473,0.204738,1.431219,-1.438902
-0.01207,-0.027266,0.00816,0.999522,0.767005,0.195996,-0.119425,-1.074342,-0.080927,0.42789,0.588759,0.385296,3.842283,-1.250508,-4.725077,0.444474,-0.710443,-1.716055,2.872833,0.936326,0.933494,1.645363,0.09443,1.450378,-1.642925,0.281308,0.927009,-2.060368,-0.255589,1.010314,-2.01478,0.229082,1.45549,-1.396122
-0.015979,-0.022003,0.014799,0.999521,0.649344,0.200984,-0.071904,-0.060695,0.94375,0.710441,-0.522055,0.422708,1.668775,-3.672158,-2.448958,6.545248,1.29836,0.31523,5.55473,-0.1414,-0.165207,0.286358,0.080857,1.461368,-1.599537,0.185832,0.863336,-1.890192,-0.221831,1.01851,-1.870357,0.225406,1.451194,-1.388677
-0.000287,-0.001027,0.022582,0.999744,0.68229,0.140791,0.00843,1.628433,1.795116,0.441662,-2.49773,0.498316,-1.143784,-3.079059,1.743175,-1.248944,-0.222366,0.875434,2.113457,-2.505869,-1.887773,-1.336539,0.015916,1.474324,-1.629276,0.105777,0.908659,-1.922664,-0.227613,1.041271,-1.815407,0.160253,1.402112,-1.423427
0.011032,0.013047,0.025273,0.999535,0.66683,0.023717,0.169132,0.158962,0.201413,-0.138831,-4.743837,-1.283545,-3.585987,-1.612759,2.264949,-1.464715,-1.118859,0.56129,1.743173,0.112597,-1.268345,-1.58197,-0.107424,1.440952,-1.722511,0.063845,0.967548,-1.960747,-0.256703,1.055865,-1.770084,0.163181,1.369135,-1.464558
0.01156,0.010968,0.018153,0.999708,0.65928,-0.06389,0.202142,0.103035,-0.340893,-0.823975,-5.466922,-2.163374,-2.336857,-0.03713,2.747063,1.013878,-0.733416,1.097012,1.839027,3.259111,0.171506,-1.183807,-0.249564,1.384704,-1.78327,0.062879,1.038971,-1.934386,-0.275772,1.084387,-1.72227,0.247918,1.373594,-1.495337
0.013745,0.002622,0.005553,0.999887,0.68733,-0.060517,0.102141,0.122912,-0.958711,-0.934829,-1.916111,-2.22121,-1.078483,0.372135,1.977344,2.92805,-0.567767,0.902862,1.468557,1.675766,-1.585886,0.081801,-0.299383,1.326953,-1.81131,0.072555,1.090382,-1.858257,-0.290534,1.107862,-1.684087,0.291488,1.332361,-1.49321
0.014107,-0.009202,-0.002594,0.999855,0.712662,-0.003523,0.047159,-0.153066,-0.787805,-0.153033,-0.347535,-1.672674,-1.762036,0.332318,1.875407,2.983368,-0.555381,1.939821,1.232308,0.262384,-2.176665,-1.3694,-0.308419,1.283463,-1.857123,0.081195,1.139143,-1.780689,-0.304974,1.158297,-1.652047,0.29831,1.275768,-1.528815
0.010562,-0.016047,-0.000111,0.999815,0.749156,0.049533,0.084594,-0.316256,-0.26927,0.499309,-0.074608,-0.609773,-3.373868,0.208883,1.785874,1.826778,0.408069,2.316066,1.19419,-1.210026,-2.93085,-4.984714,-0.310359,1.267609,-1.944844,0.086626,1.185575,-1.733193,-0.294364,1.218515,-1.620998,0.266849,1.199566,-1.658417
0.006211,-0.01791,0.008262,0.999786,0.821028,0.039368,0.106246,-0.014373,-0.102597,0.661276,0.930941,-1.44564,-3.694449,0.020745,1.491064,1.415289,0.977878,1.846544,1.919816,-1.227766,-2.744242,-4.21277,-0.286154,1.230023,-2.040899,0.087166,1.224343,-1.696395,-0.268939,1.266525,-1.571083,0.234927,1.128216,-1.767949
0.002705,-0.021782,0.015245,0.999643,0.839485,-0.044892,0.08157,-0.054055,-0.481796,0.277325,3.072559,-2.816995,-2.036292,-0.010625,1.24457,2.274806,0.803739,1.545036,2.620119,0.519024,-1.025002,-0.578373,-0.206268,1.156781,-2.093843,0.086889,1.256702,-1.63725,-0.248042,1.306696,-1.50296,0.248422,1.101566,-1.782987
0.008985,-0.027435,0.016297,0.99945,0.785246,-0.088057,-0.03907,0.883598,-0.424049,-0.174463,3.041349,-2.702817,0.127196,-0.442556,0.90017,3.379312,-0.336582,1.300078,2.246232,0.318984,-0.028244,2.139492,-0.127193,1.086507,-2.090536,0.075383,1.280106,-1.549388,-0.256793,1.340498,-1.444558,0.256715,1.100831,-1.72736
0.034858,-0.025953,0.014383,0.998952,0.725613,-0.095305,-0.269118,2.878279,0.917992,0.008526,1.390868,-1.23014,2.046781,-1.681445,0.310422,3.440877,-1.384545,0.845724,0.282036,-1.887778,-0.440719,2.780573,-0.09103,1.054524,-2.03732,0.031665,1.288177,-1.459926,-0.292791,1.362487,-1.437225,0.207633,1.089373,-1.655065
0.061134,-0.006976,0.018634,0.997931,0.724948,-0.087192,-0.288139,2.180511,1.786422,0.15796,2.237557,0.81548,3.782852,-2.026449,0.941467,-5.08273,-0.17095,0.016346,-0.313301,-1.789202,-0.715027,2.163651,-0.032854,1.075726,-1.938965,-0.021022,1.312656,-1.592077,-0.297236,1.362912,-1.445371,0.161114,1.070782,-1.598811
0.033833,0.005262,0.021525,0.999182,0.759249,-0.030852,-0.159824,-2.673913,0.532123,0.226074,2.5586,3.392163,-2.089195,4.028211,-0.442334,-5.825572,2.818791,-0.2819,-4.253766,2.625901,1.0887,0.754177,0.03367,1.163923,-1.993284,0.083711,1.301155,-1.743541,-0.223947,1.355582,-1.555969,0.229387,1.099088,-1.579202
0.008496,0.005165,0.026399,0.999602,0.768268,0.036833,-0.050459,-1.493395,-0.391942,0.3604,2.122487,3.30502,0.115687,4.707841,0.482164,-2.496341,0.346108,-1.077489,-5.5363,2.805767,2.029422,0.435713,0.088855,1.249853,-1.990277,0.206115,1.313691,-1.808446,-0.214949,1.327567,-1.699913,0.302337,1.151853,-1.567873
0.001418,-0.002667,0.028999,0.999575,0.759071,0.078835,0.006455,-0.02111,-0.752773,-0.085008,0.466434,2.829245,1.561914,2.446046,0.553819,-0.913316,-1.149234,-1.161712,-3.893178,0.329058,3.045668,-0.008177,0.100982,1.323413,-1.949667,0.269712,1.32809,-1.832192,-0.244829,1.297363,-1.801135,0.310893,1.23104,-1.568086
0.011389,-0.01091,0.023118,0.999608,0.756378,0.070727,0.069266,1.048875,-0.538278,-0.819394,-0.854312,2.26762,1.830045,1.038361,-0.569297,-2.332005,-0.906437,-2.416032,-4.096543,-2.255174,3.528362,0.338597,0.07877,1.382372,-1.902086,0.29671,1.313289,-1.892825,-0.268396,1.234546,-1.907645,0.252258,1.322778,-1.559283
0.018383,-0.017212,0.011134,0.999621,0.784904,0.079946,0.105784,-0.084523,-0.502557,-0.829278,-0.680749,1.47012,2.150167,0.837345,-3.310443,-3.745471,0.650911,-3.503541,-4.399482,-2.290693,2.76944,1.516466,0.06107,1.420595,-1.846181,0.318481,1.227217,-1.990207,-0.251472,1.143454,-2.022032,0.1927,1.394783,-1.519854
0.008398,-0.022939,0.00434,0.999692,0.816638,0.145125,0.029813,-1.241039,-0.422903,-0.034708,0.417631,0.661355,3.220156,-0.060252,-5.836537,-2.930582,0.598016,-3.204291,-2.503654,-0.256615,1.661692,2.484642,0.071929,1.43779,-1.762457,0.316914,1.075467,-2.066402,-0.235924,1.060142,-2.087127,0.186028,1.437987,-1.455254
-0.009145,-0.028012,0.007746,0.999536,0.790025,0.191445,-0.083965,-1.30016,-0.298591,0.529503,0.721419,0.378125,3.988919,-1.005603,-5.083016,-0.093609,-0.614499,-1.827873,2.216481,1.158394,0.921702,1.648028,0.090686,1.447621,-1.658745,0.290768,0.943309,-2.068836,-0.251901,1.012618,-2.029498,0.216146,1.461951,-1.412405
-0.014567,-0.026502,0.015966,0.999415,0.668748,0.184032,-0.06863,-0.023003,0.607233,0.774864,-0.407889,0.283403,1.858672,-3.523892,-2.850827,5.578987,0.674177,0.081186,5.278084,0.311905,0.067316,0.273948,0.08008,1.45499,-1.61042,0.199147,0.869187,-1.923782,-0.234372,1.014729,-1.892268,0.224256,1.463702,-1.405282
-0.015266,-0.009597,0.024105,0.999547,0.659811,0.127646,0.067281,0.343714,1.603591,0.486138,-0.825161,0.492913,-0.179714,-2.72292,1.007254,0.501416,1.169038,0.84573,2.626088,-0.44382,-1.604713,-0.754354,0.058626,1.467805,-1.615092,0.128351,0.895376,-1.910745,-0.203977,1.036718,-1.82399,0.212717,1.421979,-1.424896
0.001513,0.003892,0.02637,0.999644,0.654255,0.046222,0.119927,1.006072,0.228089,-0.173699,-5.020821,-1.190477,-3.371736,-1.950511,2.010321,-0.996211,-1.487659,0.473075,1.85494,-1.260248,-1.319397,-1.42864,-0.071915,1.436853,-1.702758,0.077638,0.947644,-1.936647,-0.242657,1.049018,-1.775761,0.17995,1.387675,-1.46204
0.006572,0.003661,0.019547,0.999781,0.645491,-0.023076,0.13483,0.093464,-0.054135,-0.824069,-6.404256,-2.339023,-2.764033,-0.400847,2.557801,0.891088,-1.04987,0.919721,1.817853,2.070106,0.064143,-1.207735,-0.238426,1.376038,-1.774622,0.067216,1.014147,-1.913479,-0.269953,1.07293,-1.728497,0.233773,1.389343,-1.493441
0.006277,-0.00043,0.006939,0.999956,0.65602,-0.036348,0.083914,-0.055312,-0.606338,-0.9482,-2.622913,-2.212309,-0.826537,0.468004,2.281733,1.877603,-0.632051,0.431715,1.598016,1.968384,-1.580009,0.20173,-0.306621,1.318518,-1.796112,0.079384,1.073472,-1.864661,-0.286387,1.084155,-1.686949,0.284951,1.348262,-1.488196
0.007264,-0.009014,-0.001733,0.999931,0.678511,0.00749,0.03297,0.102791,-0.705027,-0.251535,-0.122718,-1.769956,-1.148132,0.230222,2.022778,2.334933,-0.619597,1.633061,1.176172,0.256666,-2.522405,-0.663226,-0.309812,1.272499,-1.825964,0.08537,1.126064,-1.803953,-0.302496,1.126614,-1.656368,0.291624,1.28268,-1.50544
0.0085,-0.01654,-0.001074,0.999826,0.709631,0.059749,0.054194,-0.080807,-0.431935,0.301228,0.221713,-0.622599,-3.079316,-0.162229,1.851014,1.795548,-0.203133,2.343285,0.893001,-0.885708,-3.152221,-4.041262,-0.304048,1.256312,-1.906026,0.081152,1.174191,-1.757268,-0.307777,1.18754,-1.63315,0.268596,1.200722,-1.610513
0.00885,-0.018858,0.003772,0.999776,0.76239,0.049468,0.097352,0.042551,-0.029736,0.365642,0.401578,-0.469205,-3.97555,-0.324527,1.637005,1.326259,0.174375,1.815872,1.565854,-1.009818,-1.601842,-5.286274,-0.293607,1.244113,-2.00939,0.072714,1.216753,-1.722786,-0.303244,1.234753,-1.592438,0.24234,1.159074,-1.747956
0.000912,-0.020489,0.00831,0.999755,0.789574,-0.018624,0.072342,-0.515574,-0.296269,0.271552,2.586708,-2.32793,-2.608492,0.311074,1.446827,1.711941,0.897234,1.160653,2.534194,0.759957,-0.630617,-1.366016,-0.226352,1.183586,-2.077211,0.080802,1.25437,-1.678275,-0.279916,1.26493,-1.526549,0.262099,1.142678,-1.783473
0.003826,-0.02537,0.011798,0.999601,0.761165,-0.085116,0.023441,0.772119,-0.475906,0.210414,2.909233,-2.525415,-0.543647,-0.318178,1.055812,2.757163,-0.003916,1.502952,2.444615,0.213748,-0.64205,1.484534,-0.150712,1.117926,-2.091346,0.072529,1.281821,-1.606589,-0.280017,1.304006,-1.462989,0.267657,1.125985,-1.744875
0.025332,-0.029651,0.014336,0.999136,0.710957,-0.111057,-0.181561,2.639658,-0.035463,0.160484,1.988951,-1.49193,1.499205,-1.431689,0.511088,3.362206,-1.231675,1.764746,1.162589,-1.470005,-0.732831,2.45214,-0.098999,1.079135,-2.052367,0.035306,1.29511,-1.519172,-0.312041,1.34989,-1.432762,0.229437,1.106931,-1.681119
0.055818,-0.019882,0.019776,0.998047,0.711355,-0.129824,-0.331964,2.153477,1.215688,0.281334,2.034291,-0.075044,3.588561,-2.091418,0.53424,-2.615784,-0.84626,0.846749,-0.139846,-1.84015,-0.212234,2.620157,-0.046108,1.077184,-1.959064,-0.019071,1.309,-1.587182,-0.334044,1.371905,-1.436398,0.181593,1.101413,-1.612995
0.046691,-0.003463,0.022356,0.998653,0.736052,-0.085543,-0.228249,-2.189541,0.781593,0.099556,2.106914,2.771588,-0.920198,2.962443,0.214341,-5.332821,1.788791,-0.522322,-3.369639,1.248654,0.408665,1.235877,0.008672,1.149246,-1.982989,0.057952,1.314573,-1.725835,-0.287535,1.358325,-1.524008,0.214058,1.112038,-1.580862
0.019248,0.00077,0.024584,0.999512,0.74391,0.000143,-0.082165,-1.510445,0.116443,0.102118,2.655985,3.375945,-0.80223,4.313732,0.172039,-2.574515,1.949293,-0.785824,-4.707409,2.963331,1.778525,0.47414,0.077728,1.23702,-2.003847,0.170109,1.319046,-1.792773,-0.236854,1.337893,-1.646401,0.291104,1.15828,-1.568534
0.010239,-0.003082,0.024412,0.999645,0.733405,0.061675,0.006083,-0.379064,-0.719203,-0.210664,0.922082,3.020931,0.675197,3.440022,0.374605,-1.228726,-0.047472,-1.139573,-4.155847,0.781976,2.550845,0.376123,0.101702,1.315564,-1.986292,0.25955,1.328786,-1.82472,-0.238088,1.308264,-1.754453,0.311436,1.224602,-1.558755
0.012962,-0.015185,0.018791,0.999624,0.714758,0.0744,0.052963,0.434576,-1.012151,-0.64264,-0.23442,2.337822,2.071521,1.304307,-0.154287,-2.062898,-0.676741,-1.744555,-4.459569,-0.84492,3.54536,0.424361,0.095607,1.376348,-1.932433,0.293462,1.324774,-1.878355,-0.255683,1.262906,-1.870402,0.289468,1.316781,-1.547722
0.018822,-0.02628,0.009719,0.99943,0.736113,0.091309,0.103459,0.221723,-0.728796,-0.606505,-0.617828,1.690574,2.352603,0.655192,-2.550611,-3.194244,0.036124,-2.854275,-4.703465,-1.40814,3.048401,1.213746,0.079543,1.420303,-1.871265,0.310497,1.258458,-1.961405,-0.254744,1.188695,-1.992692,0.252856,1.39604,-1.516165
0.018183,-0.033879,0.005226,0.999247,0.766116,0.14514,0.068117,-0.287291,-0.524528,0.032108,-0.328794,1.024653,2.887625,-0.006231,-5.017609,-2.732476,0.294939,-3.511667,-3.476547,-0.644243,1.749276,2.199217,0.070995,1.446944,-1.796187,0.310335,1.128,-2.03245,-0.247075,1.097392,-2.083082,0.236106,1.441521,-1.458985
0.00707,-0.041369,0.008442,0.999083,0.746134,0.173812,-0.045196,-1.158615,-0.643827,0.423152,0.217845,0.547772,3.813996,-0.137537,-5.132595,-1.241242,-0.19705,-2.829216,0.459544,1.00183,0.949367,2.531182,0.076659,1.461186,-1.697023,0.306759,0.994553,-2.064722,-0.252199,1.023832,-2.071134,0.262153,1.466204,-1.393174
-0.000283,-0.044641,0.01276,0.998922,0.677278,0.209045,-0.102804,-0.290594,0.31186,0.268197,-0.130477,0.575189,3.372378,-1.589789,-3.457151,2.267123,-0.059464,-0.980222,4.558664,0.117937,0.903418,1.178778,0.073266,1.476141,-1.609341,0.265424,0.904667,-2.005777,-0.253745,0.998346,-1.952609,0.26522,1.489693,-1.362526
-0.007791,-0.029115,0.012997,0.999461,0.688572,0.247191,-0.037382,-1.666354,2.333773,-0.061008,-0.14334,0.513488,1.184768,-2.671949,-0.828718,7.334032,0.853796,0.191916,3.044787,-1.266354,-0.520652,-0.018108,0.069539,1.489491,-1.578537,0.195954,0.88312,-1.815092,-0.231546,1.003336,-1.873444,0.232295,1.476156,-1.362997
0.002666,-0.000389,0.015027,0.999883,0.713439,0.181308,-0.018066,1.514282,1.308112,0.312048,-3.722929,-0.884353,-2.921923,-1.675656,2.093235,-3.018395,-1.31616,-0.819758,2.59153,-2.679063,-2.52502,-3.231036,-0.027257,1.466498,-1.654507,0.152387,0.937544,-1.89357,-0.265766,0.982022,-1.806065,0.162639,1.410506,-1.447004
0.014715,0.009463,0.01913,0.999664,0.678353,0.027734,0.09645,0.077842,0.519339,0.19653,-5.920759,-2.939666,-3.355521,-1.953952,2.660953,-1.233693,-1.352741,1.386429,1.501243,1.493775,-2.206475,-1.587838,-0.181196,1.390067,-1.74175,0.101584,1.006729,-1.925646,-0.300938,1.018069,-1.767032,0.201477,1.353138,-1.488287
0.010384,0.011176,0.018908,0.999705,0.662798,-0.078148,0.148192,-0.172545,-0.371052,-0.256579,-3.725854,-1.829274,-1.538726,-0.015737,2.581768,0.149844,0.264886,1.407062,1.317008,2.51375,-1.434651,0.321946,-0.278069,1.342506,-1.781757,0.101175,1.073855,-1.92175,-0.294051,1.054653,-1.73279,0.266835,1.315837,-1.479917
0.009288,0.003462,0.013123,0.999865,0.690559,-0.072326,0.086864,-0.16673,-0.703862,-0.492945,-0.051254,-1.58762,-1.254027,0.402924,1.973254,2.348114,-0.135023,1.770939,1.202265,0.364117,-2.408772,0.336736,-0.279401,1.301228,-1.814362,0.111651,1.12516,-1.860699,-0.297561,1.100697,-1.701531,0.276302,1.253209,-1.471162
0.013767,-0.003672,0.008233,0.999865,0.750787,-0.028567,0.084658,0.637963,-0.394572,-0.163422,-0.624164,-0.281451,-3.128705,0.01122,1.612871,2.603652,-0.490654,1.917955,1.086946,-0.539808,0.038505,-3.636991,-0.29563,1.29391,-1.895708,0.111942,1.167094,-1.793004,-0.310318,1.150564,-1.673271,0.262267,1.25421,-1.565723
0.017803,-0.006874,0.00751,0.99979,0.845937,-0.013667,0.114341,0.172929,-0.205279,0.156318,-0.00217,-0.438656,-3.920414,-0.215234,1.494326,2.170861,-0.262205,1.741091,1.513132,-0.313405,-2.241587,-5.661453,-0.295686,1.282505,-1.997639,0.106346,1.205947,-1.736562,-0.317135,1.195833,-1.633929,0.254118,1.195928,-1.712921
0.014067,-0.012024,0.010573,0.999773,0.896317,-0.039743,0.098637,-0.194088,-0.563622,0.168438,2.601591,-2.933793,-3.209997,0.217558,1.421334,2.510018,0.569094,1.961766,2.041368,-0.199252,-2.398921,-2.823101,-0.228045,1.206226,-2.081099,0.112003,1.242902,-1.671302,-0.302339,1.246839,-1.580854,0.248938,1.133557,-1.786322
0.012826,-0.018353,0.012377,0.999673,0.867529,-0.081686,0.018504,0.158795,-0.357616,0.086855,3.046074,-2.970099,-1.093561,0.128689,1.082446,3.405907,0.306582,1.775093,2.616541,0.318181,-1.402961,0.790851,-0.148847,1.129004,-2.109532,0.115349,1.271045,-1.582748,-0.294368,1.292991,-1.512824,0.25721,1.09708,-1.76576
0.026331,-0.020231,0.013612,0.999356,0.797028,-0.10213,-0.163138,1.767618,-0.001732,0.033952,2.19768,-2.17307,1.19493,-0.822664,0.572658,3.57996,-0.506347,1.39831,1.604516,-0.916138,-1.132031,2.951861,-0.091707,1.072504,-2.078463,0.09396,1.285934,-1.489669,-0.307533,1.329347,-1.471106,0.233391,1.067647,-1.689011
0.056358,-0.011945,0.01733,0.998189,0.78925,-0.082619,-0.332019,2.377114,1.000694,0.324925,2.222763,-0.49325,3.178885,-3.427757,0.191474,-2.909745,-1.002037,0.915443,-0.379062,-1.964807,0.185882,2.615759,-0.033915,1.059679,-1.995812,0.004838,1.290913,-1.565322,-0.333586,1.353149,-1.480962,0.182306,1.07248,-1.621002
0.050455,0.003426,0.020765,0.998505,0.776039,-0.035997,-0.196458,-1.622309,0.655583,0.180589,2.077946,3.143643,-1.252986,1.876514,0.670848,-5.70649,1.869451,-0.060188,-2.156717,0.956999,0.693993,1.211529,0.020111,1.141414,-2.02839,0.053627,1.308355,-1.713691,-0.28498,1.351584,-1.537036,0.207188,1.090523,-1.589502
0.02803,0.007286,0.022801,0.99932,0.773588,0.019889,-0.06052,-1.687253,0.1324,0.107154,2.049407,3.708402,-0.750263,5.116568,0.092451,-3.063335,1.837671,-0.114121,-4.082704,2.317247,2.07025,0.425734,0.073396,1.237833,-2.047897,0.186658,1.310758,-1.793338,-0.237201,1.348617,-1.643187,0.267436,1.14435,-1.578433
0.011027,0.002319,0.023984,0.999649,0.752248,0.078817,-0.007515,-1.120949,-0.793642,-0.034027,1.329073,2.977405,1.221965,3.020522,0.232347,-1.022913,0.056892,-1.261704,-4.303947,1.599744,2.520544,0.557418,0.107952,1.315245,-2.016126,0.265192,1.316799,-1.819934,-0.235721,1.315812,-1.755089,0.309029,1.209884,-1.56394
0.00739,-0.007674,0.020954,0.999724,0.730049,0.120869,0.025677,0.192963,-0.67913,-0.471178,0.114934,2.37767,2.116605,0.831387,0.052609,-1.559248,-0.880151,-1.627038,-4.041222,-0.418661,3.396239,0.330111,0.11094,1.377064,-1.961094,0.286808,1.318167,-1.860474,-0.258605,1.273509,-1.860161,0.298144,1.298186,-1.555357
0.014226,-0.015227,0.012047,0.99971,0.747933,0.128694,0.094375,0.533973,-0.591484,-0.86318,-0.798026,1.824337,2.014286,0.54385,-1.803711,-2.988693,-0.29851,-2.767351,-4.451293,-1.851208,2.939338,1.10791,0.090192,1.424497,-1.908723,0.300948,1.271271,-1.93818,-0.266367,1.201558,-1.975895,0.250013,1.374609,-1.526551
0.014731,-0.021398,0.002448,0.99966,0.790378,0.15589,0.081271,-0.458586,-0.403685,-0.407563,-0.531234,1.058023,2.591462,0.443434,-4.578056,-3.246107,0.739117,-3.311481,-3.782196,-1.537715,2.219182,1.906794,0.07638,1.452006,-1.841345,0.312477,1.152241,-2.022579,-0.24715,1.11546,-2.074232,0.210032,1.432308,-1.476975
-0.000366,-0.026573,0.001701,0.999645,0.787161,0.207926,-0.040173,-1.575817,-0.453621,0.36213,0.419199,0.412496,3.70572,0.041263,-5.625339,-1.533621,0.307411,-2.779675,-0.384503,0.599077,1.097922,2.737878,0.087279,1.462731,-1.744996,0.31355,1.005983,-2.062453,-0.239157,1.043188,-2.084229,0.225608,1.460854,-1.40579
-0.013358,-0.028647,0.008143,0.999467,0.725102,0.223349,-0.141474,-0.561054,0.327524,0.583227,0.127265,0.474955,3.656217,-1.571038,-4.092513,1.668454,-0.543945,-1.40486,4.101891,0.757275,0.566073,1.459664,0.090588,1.47508,-1.649934,0.272703,0.899577,-2.019073,-0.2533,1.006662,-1.97758,0.245297,1.475572,-1.367839
-0.016761,-0.017705,0.015689,0.99958,0.640614,0.199241,0.032548,-1.703319,1.633187,0.732555,-0.60563,0.698796,1.441048,-3.076771,-1.358463,6.622718,1.462156,0.784884,4.835983,-0.475998,-0.557877,-0.179308,0.074841,1.493248,-1.612467,0.192707,0.864257,-1.846882,-0.215283,1.027069,-1.851844,0.232921,1.461067,-1.372501
-0.002885,0.004928,0.023378,0.99971,0.680717,0.124092,0.102001,1.737223,1.208382,0.509711,-2.701276,-0.369856,-1.871195,-2.039523,2.322702,-3.429893,-1.148874,0.30432,1.790955,-2.888811,-1.96448,-2.238689,0.004608,1.483632,-1.661118,0.139679,0.924647,-1.93606,-0.245154,1.034981,-1.805279,0.157812,1.40999,-1.430707
0.009446,0.014107,0.026176,0.999513,0.69134,0.011689,0.228343,-0.19954,0.270793,-0.234276,-5.546856,-1.827523,-3.229252,-1.706205,2.215332,-0.594241,-1.104144,0.794168,1.961624,0.596101,-1.414364,-1.253817,-0.13961,1.436116,-1.745079,0.095318,0.982246,-1.95151,-0.273862,1.055629,-1.754277,0.173311,1.373217,-1.463306
0.006004,0.011002,0.017904,0.999761,0.697222,-0.055873,0.213436,0.350407,-0.808482,-0.850872,-5.510419,-2.148899,-1.893789,0.353908,2.537219,1.571319,0.186764,-0.090679,1.192217,3.161561,-0.416789,-0.341921,-0.282881,1.380245,-1.794317,0.10452,1.048214,-1.910656,-0.269006,1.053272,-1.723279,0.255512,1.36238,-1.472196
0.010863,-0.003352,0.005512,0.99992,0.70915,-0.038461,0.100897,0.205869,-1.309992,-0.822972,-0.813207,-2.194935,-1.208967,0.028665,2.013281,3.693123,-0.991661,1.382008,1.025818,1.506093,-1.560688,-0.66453,-0.304025,1.323177,-1.82575,0.105265,1.100559,-1.814634,-0.294789,1.089204,-1.696608,0.29467,1.321803,-1.489474
0.009574,-0.016792,-0.001333,0.999812,0.709387,0.022844,0.057047,-0.444589,-0.670279,-0.100701,-0.035358,-1.699574,-2.223322,0.302818,1.857506,3.152302,-0.443346,2.344206,1.101918,0.009753,-2.225982,-3.245511,-0.304944,1.278988,-1.883557,0.113138,1.148854,-1.732675,-0.306316,1.150153,-1.667958,0.294924,1.263927,-1.573857
0.004492,-0.020379,0.001928,0.99978,0.751987,0.06004,0.096646,-0.248977,0.020643,0.570356,-0.249713,-0.759537,-3.454622,0.239167,1.641022,1.572393,0.58525,1.995989,1.441111,-1.489501,-3.310315,-5.453684,-0.311436,1.25924,-1.973377,0.119356,1.191521,-1.691792,-0.2911,1.202049,-1.630489,0.256197,1.177859,-1.715653
-0.000229,-0.021025,0.010549,0.999723,0.805616,0.02729,0.113126,0.016896,-0.183041,0.572619,1.773912,-1.468305,-3.326925,0.001452,1.333658,1.411943,0.988184,1.715632,2.012442,-0.873609,-2.500629,-3.048684,-0.265315,1.221064,-2.059877,0.119394,1.226196,-1.655082,-0.265407,1.246655,-1.578166,0.233483,1.112842,-1.794918
0.000274,-0.024113,0.015743,0.999585,0.813669,-0.067122,0.081606,0.255558,-0.314386,0.102446,3.195729,-2.536403,-1.454127,-0.276165,1.007954,2.525405,0.323711,1.429905,2.552834,0.486367,-0.417522,0.834949,-0.182226,1.155117,-2.097684,0.112214,1.252403,-1.589421,-0.256991,1.283833,-1.511792,0.246128,1.101987,-1.77321
0.011125,-0.028477,0.01466,0.999425,0.755359,-0.111238,-0.057437,1.408499,-0.448668,-0.28514,3.033724,-2.390127,0.620344,-0.719359,0.599032,3.615487,-0.791467,1.100658,1.76463,0.001859,-0.08781,2.864963,-0.103349,1.092974,-2.081555,0.093511,1.267978,-1.495419,-0.277569,1.31245,-1.465912,0.246177,1.099704,-1.698721
0.041651,-0.026998,0.013074,0.998682,0.726404,-0.10852,-0.309746,2.665175,0.977178,0.036923,1.740916,-1.136242,2.476451,-3.206255,-0.007839,0.441381,-1.69583,1.145066,0.182474,-1.889885,-0.021251,2.724726,-0.058085,1.063432,-2.017168,0.010148,1.267774,-1.483943,-0.32166,1.342222,-1.461167,0.19704,1.099151,-1.627878
0.06148,-0.008091,0.016191,0.997944,0.726106,-0.081474,-0.249299,0.225337,1.52676,0.04908,1.71887,1.461103,3.114609,-0.60471,1.330615,-6.127214,0.163203,0.10351,-0.419066,-1.661012,-0.555998,1.553383,-0.013394,1.10142,-1.936188,-0.005575,1.30237,-1.64325,-0.317417,1.344913,-1.472063,0.153853,1.084695,-1.58749
0.033732,0.000651,0.017834,0.999272,0.738773,-0.024496,-0.13572,-2.544954,0.260589,0.147371,2.661092,3.386681,-1.652284,4.788911,-0.048327,-4.918342,2.95701,0.011102,-3.55079,2.749525,1.560542,0.300323,0.055794,1.189474,-1.979147,0.118937,1.301113,-1.771127,-0.240535,1.345202,-1.564384,0.225341,1.125269,-1.579681
0.012602,-0.002176,0.021326,0.999691,0.73513,0.03743,-0.064879,-1.070126,-0.41843,0.311763,1.7943,3.1167,0.521671,3.743908,0.318362,-1.775188,0.766602,-0.833688,-5.28453,2.391562,2.265681,0.462171,0.102446,1.270508,-1.965584,0.216279,1.309391,-1.817282,-0.220603,1.323526,-1.701782,0.287522,1.184177,-1.567665
0.005655,-0.009442,0.024178,0.999647,0.731452,0.08593,-0.01177,-0.261505,-0.774095,0.020386,0.44982,2.650712,1.507314,2.121975,0.576189,-0.99908,-0.817359,-1.256046,-4.453395,0.391651,2.821278,0.072053,0.114141,1.339427,-1.926394,0.27145,1.324372,-1.843258,-0.241854,1.290869,-1.81757,0.297705,1.25753,-1.565792
0.013335,-0.019229,0.020724,0.999511,0.741992,0.086574,0.065128,0.956139,-0.70713,-0.590761,-0.753699,2.207631,1.950277,0.864472,-0.824131,-2.513475,-1.009863,-2.378067,-4.633845,-1.516431,3.319109,0.41772,0.094545,1.396825,-1.875686,0.293926,1.302944,-1.908609,-0.268111,1.229039,-1.93805,0.258277,1.343827,-1.554931
0.023651,-0.026975,0.010817,0.999298,0.775744,0.076266,0.108184,0.403057,-0.551457,-0.800367,-1.017955,1.510513,2.198141,0.498159,-3.553147,-3.44772,0.351848,-3.461999,-4.353492,-2.189843,2.698406,1.521321,0.068078,1.436099,-1.818535,0.306878,1.210562,-1.998249,-0.258963,1.139027,-2.051241,0.201341,1.413986,-1.515377
0.016473,-0.032742,0.003259,0.999323,0.794689,0.118192,0.029368,-1.265014,-0.394309,-0.116106,0.186064,0.60438,3.187126,0.32285,-5.759152,-2.573026,0.930842,-3.390857,-1.838662,-0.581531,1.683334,2.497385,0.072916,1.451813,-1.735669,0.315273,1.060824,-2.065148,-0.234761,1.050865,-2.099046,0.186222,1.457752,-1.450445
-0.00212,-0.03678,0.00562,0.999305,0.758429,0.169251,-0.083995,-1.405902,-0.144841,0.529329,0.896361,0.269265,3.883183,-0.981258,-4.948011,0.181634,-0.372992,-1.959771,2.452459,1.372554,0.684867,1.955169,0.096221,1.458813,-1.634707,0.28976,0.932176,-2.060425,-0.244459,0.999911,-2.035282,0.221908,1.475559,-1.39961
-0.004993,-0.032636,0.014327,0.999352,0.656065,0.176288,-0.0634,0.358049,0.866658,0.8107,-0.605878,0.232114,1.57905,-4.288531,-2.567821,6.057713,0.394187,0.213624,5.441032,0.191865,-0.426323,0.055789,0.080468,1.464848,-1.593651,0.178258,0.865413,-1.902925,-0.23421,1.005465,-1.893815,0.226897,1.464475,-1.39816
-0.008064,-0.011284,0.021732,0.999668,0.675765,0.130706,0.024888,0.163887,1.847702,0.355354,-0.578738,0.40782,-0.566828,-2.511273,1.071423,0.330149,0.86646,0.609476,2.316891,-0.737495,-2.01313,-1.791993,0.065421,1.475452,-1.608389,0.112965,0.89327,-1.894341,-0.211682,1.021311,-1.833576,0.207722,1.412133,-1.444751
0.002778,0.0038,0.022201,0.999742,0.667374,0.047355,0.088538,0.333276,0.415915,-0.337447,-5.288505,-1.431455,-3.274021,-1.364033,2.158653,-1.349504,-1.134139,0.22799,1.988524,-0.978962,-1.353913,-1.489819,-0.07208,1.438234,-1.693513,0.0775,0.949395,-1.929428,-0.241169,1.027239,-1.781874,0.182269,1.376932,-1.483487
0.002757,0.004824,0.014225,0.999883,0.644753,-0.020604,0.126853,0.041282,-0.061628,-0.78913,-6.613929,-2.752629,-2.793739,0.041494,2.822987,0.452623,-0.738459,0.79727,1.733434,2.047588,-0.033323,-0.814024,-0.244042,1.366666,-1.766151,0.078579,1.022792,-1.91766,-0.260369,1.047968,-1.736805,0.235506,1.376065,-1.504651
0.002748,0.000142,0.003169,0.999991,0.653161,-0.028429,0.084649,-0.028431,-0.668045,-0.778853,-2.251653,-2.427733,-1.020984,0.362169,2.305756,1.817074,-0.59003,0.774927,1.355275,1.703701,-1.677128,0.029156,-0.302585,1.303544,-1.792696,0.087995,1.082742,-1.870416,-0.27571,1.068116,-1.701568,0.279802,1.33246,-1.503893
0.004711,-0.008562,-0.003549,0.999946,0.668844,0.020406,0.046013,0.153045,-0.612688,-0.166937,-0.100879,-1.809178,-1.766703,0.064539,1.972503,2.290095,-0.666553,1.841965,1.068108,0.08481,-2.512125,-1.03747,-0.305208,1.256506,-1.83863,0.089673,1.134027,-1.810874,-0.29304,1.116007,-1.673797,0.282007,1.267145,-1.530867
0.007101,-0.014082,-0.00261,0.999872,0.710688,0.064521,0.061771,0.29312,-0.177121,0.282076,0.037622,-0.463976,-3.663031,-0.289542,1.751445,1.672186,-0.245315,2.139465,0.988875,-0.793138,-3.161645,-4.22085,-0.30423,1.244442,-1.933869,0.082145,1.179565,-1.767397,-0.299419,1.171633,-1.648086,0.261386,1.184942,-1.64061
0.005262,-0.015057,0.002611,0.999869,0.783161,0.059598,0.090169,-0.196767,-0.047083,0.459752,1.079971,-1.037875,-3.744895,-0.193368,1.571181,1.250181,0.411011,1.630437,1.718584,-0.672474,-2.801262,-4.051183,-0.276151,1.217458,-2.031237,0.077118,1.220415,-1.734892,-0.288732,1.214025,-1.603403,0.243901,1.112109,-1.74594
-0.002474,-0.017818,0.008363,0.999803,0.800321,-0.008413,0.094059,-0.416884,-0.368281,0.321572,2.947416,-2.08491,-1.984437,0.246736,1.519478,1.744305,0.924182,1.529832,2.316642,0.465572,-0.841499,-0.569635,-0.199518,1.16325,-2.082832,0.083533,1.259922,-1.68954,-0.264704,1.2538,-1.54317,0.256006,1.09023,-1.760751
0.00113,-0.023054,0.011638,0.999666,0.751025,-0.066506,-0.00798,0.905532,-0.512427,0.096729,2.859281,-1.810928,0.026539,-0.407283,1.074807,2.875669,0.013796,1.591597,2.036307,-0.008714,0.290355,1.789174,-0.125177,1.116166,-2.082142,0.072943,1.287867,-1.614773,-0.264345,1.295182,-1.490226,0.25578,1.097779,-1.714232
0.027594,-0.021866,0.015424,0.999261,0.691455,-0.097597,-0.210912,2.601969,0.477707,0.360398,0.993957,-0.847363,1.736284,-1.872068,0.305156,3.037604,-1.14448,1.287414,0.609617,-1.690933,0.933131,2.295011,-0.099334,1.094134,-2.036998,0.02427,1.295801,-1.535795,-0.294101,1.328654,-1.474376,0.211815,1.122041,-1.654562
0.049381,-0.009039,0.021219,0.998514,0.702194,-0.092296,-0.295041,1.801725,1.375882,0.275484,2.986253,0.655743,4.001989,-1.161359,0.822792,-2.940766,-0.26615,0.232488,-0.772638,-1.097407,-0.670103,2.598272,-0.021691,1.111184,-1.932947,-0.005926,1.317193,-1.612255,-0.301021,1.334699,-1.494465,0.183283,1.104618,-1.587007
0.030054,0.003797,0.022232,0.999294,0.737096,-0.037206,-0.132243,-2.522562,0.100156,-0.06508,2.162416,3.031575,-1.739364,5.019924,0.259019,-4.946989,1.667561,-0.305771,-3.824913,1.878852,0.964977,0.763994,0.034532,1.190005,-1.97817,0.124592,1.323928,-1.740877,-0.257665,1.326749,-1.593913,0.232133,1.129707,-1.567143
0.005556,-0.000964,0.022046,0.999741,0.740834,0.039238,-0.008852,-1.439332,-0.591002,9.3e-05,2.23699,3.090238,0.498029,4.848166,0.306352,-2.778285,-0.145696,-0.496347,-4.792046,2.491553,2.893457,-0.007714,0.092693,1.270351,-1.965221,0.250645,1.331893,-1.813112,-0.261453,1.313844,-1.718506,0.296913,1.204937,-1.567344
-0.000867,-0.010273,0.020661,0.999733,0.720954,0.093456,0.015901,0.034697,-0.783413,-0.296483,0.49195,2.408537,1.867532,1.446508,0.026089,-1.280028,-0.199784,-1.235577,-3.756116,0.322189,2.986057,0.552698,0.105484,1.332973,-1.916666,0.288254,1.332571,-1.846393,-0.266647,1.281719,-1.816165,0.30529,1.282575,-1.552974
0.007318,-0.018986,0.014168,0.999693,0.714901,0.102114,0.048319,0.795254,-0.583499,-0.700748,-0.803732,1.902881,2.034756,0.537731,-1.137506,-2.329503,-0.115541,-2.355636,-3.974097,-1.762362,2.972915,0.954924,0.084587,1.382448,-1.863762,0.302235,1.302996,-1.90696,-0.269651,1.220473,-1.919491,0.259469,1.359871,-1.528146
0.01338,-0.024979,0.00615,0.999579,0.744416,0.130629,0.062837,0.021722,-0.382022,-0.36815,-0.798466,1.344875,2.175772,0.595141,-3.83338,-3.203561,0.676795,-3.131112,-4.179416,-1.735619,2.180591,1.695972,0.063827,1.417415,-1.807192,0.317709,1.203328,-1.990252,-0.252055,1.139064,-2.028156,0.214343,1.416566,-1.48405
0.0044,-0.030042,0.005636,0.999523,0.776003,0.186107,-0.00613,-1.163415,-0.475898,0.34643,0.12686,0.725382,3.120018,-0.009346,-5.750309,-2.489229,0.439285,-2.960681,-1.983196,0.291575,1.169959,2.417226,0.067125,1.436274,-1.726071,0.317466,1.05382,-2.054972,-0.240633,1.062086,-2.079719,0.221924,1.446985,-1.421202
-0.009845,-0.03524,0.011331,0.999266,0.750283,0.2021,-0.106945,-1.004982,-0.198486,0.482479,0.340428,0.476971,3.769321,-1.068534,-4.571702,-0.036683,-0.678539,-1.806723,2.629512,1.072152,0.922828,1.799552,0.075976,1.448676,-1.628069,0.289684,0.934956,-2.055926,-0.258275,1.015111,-2.011352,0.2498,1.470978,-1.374414
-0.015371,-0.031134,0.016844,0.999255,0.670512,0.234402,-0.132611,-0.212465,0.865026,0.521301,-0.282476,0.382874,1.676857,-2.798567,-2.217263,6.399006,1.418089,0.273879,5.696453,-0.333228,0.212979,0.527031,0.068632,1.45863,-1.584471,0.216921,0.877307,-1.889552,-0.221405,1.022232,-1.863244,0.241136,1.476516,-1.360711
-0.009173,-0.007148,0.021495,0.999701,0.698902,0.166891,-0.02872,1.495166,2.075892,0.286571,-2.844125,-0.182887,-1.533298,-2.554438,1.48089,-0.385828,-0.456105,0.320208,1.954988,-2.459363,-1.67786,-0.904524,-0.005315,1.453875,-1.624337,0.150506,0.91581,-1.899584,-0.233264,1.030557,-1.812415,0.177192,1.432891,-1.384229
0.005181,0.009956,0.023835,0.999653,0.662827,0.040202,0.148628,0.623996,0.374844,0.012316,-4.193076,-0.668635,-3.606236,-1.902392,2.49261,-2.081151,-1.525621,0.441756,1.752834,-0.401967,-1.466717,-1.998428,-0.114335,1.436491,-1.718099,0.101043,0.980618,-1.953693,-0.27293,1.042043,-1.766841,0.166741,1.394757,-1.436188
0.010614,0.009987,0.020193,0.99969,0.651745,-0.063808,0.188477,0.348705,-0.137847,-0.506156,-4.732028,-1.913556,-2.205543,-0.679442,2.637881,0.678329,-0.932689,1.303268,1.664232,2.832183,-0.528473,-1.485547,-0.237368,1.386738,-1.775443,0.083378,1.049203,-1.936057,-0.29718,1.075928,-1.723571,0.240378,1.381017,-1.474812
0.015121,0.003493,0.011806,0.99981,0.690426,-0.076649,0.11396,0.286719,-0.914767,-0.64178,-1.900654,-2.12,-0.918547,0.002012,1.839055,2.569627,-0.698781,1.101653,1.584873,1.807708,-1.8007,0.012384,-0.286785,1.331618,-1.799325,0.08343,1.097019,-1.869247,-0.315348,1.104571,-1.682364,0.287378,1.334198,-1.47449
0.01801,-0.008204,0.006171,0.999785,0.720033,-0.032629,0.057397,0.026476,-0.800822,-0.05508,-0.426217,-1.507476,-1.646417,0.114977,1.759634,2.992124,-0.537963,2.168427,1.066331,0.351304,-2.237063,-0.908339,-0.297866,1.292424,-1.842132,0.08642,1.142769,-1.791451,-0.329335,1.16095,-1.654639,0.296512,1.276035,-1.498107
0.015546,-0.01546,0.008636,0.999722,0.759671,0.006994,0.094026,-0.33039,-0.303212,0.42463,-0.161536,-0.397446,-3.225959,0.228891,1.698701,2.036883,0.424022,2.405744,1.139018,-1.153457,-2.755013,-4.711511,-0.302066,1.282091,-1.926007,0.092371,1.186935,-1.738492,-0.31831,1.223499,-1.625025,0.266522,1.204404,-1.620606
0.011215,-0.01809,0.015139,0.999659,0.838965,-0.002512,0.119101,-0.028262,-0.20112,0.477336,0.686991,-1.260824,-3.905672,0.19617,1.45278,1.694706,0.939121,1.869136,1.875125,-1.283823,-2.559772,-4.620919,-0.284205,1.249309,-2.027554,0.097471,1.224708,-1.69443,-0.293893,1.272097,-1.576272,0.233143,1.13785,-1.74075
0.006104,-0.023849,0.019064,0.999515,0.865451,-0.069563,0.069008,-0.222602,-0.647442,0.024894,2.993038,-3.198556,-2.498216,0.3135,1.219462,2.710908,0.761585,1.588882,2.584349,0.530358,-0.950166,-1.431597,-0.206386,1.166147,-2.092508,0.105622,1.256414,-1.623946,-0.274092,1.313408,-1.509079,0.246932,1.113146,-1.777972
0.010098,-0.030937,0.017487,0.999317,0.797164,-0.09668,-0.044362,0.616369,-0.441838,-0.274522,2.918719,-2.960503,-0.267333,-0.143971,0.913105,3.739413,-0.432166,1.320417,2.664282,0.525293,-0.030277,1.685999,-0.130499,1.089174,-2.099459,0.101879,1.280154,-1.526722,-0.285328,1.347739,-1.439807,0.26059,1.112359,-1.734136
0.034825,-0.027738,0.016071,0.998879,0.734276,-0.094419,-0.254442,3.031477,1.141577,0.161375,1.293695,-1.114948,1.902992,-1.679156,0.353503,3.169294,-1.233191,0.761922,0.702094,-1.765179,-0.117697,2.570546,-0.096863,1.060185,-2.049981,0.058221,1.289345,-1.44432,-0.317391,1.367549,-1.421553,0.214695,1.109299,-1.667302
0.066018,-0.00614,0.022407,0.997548,0.732052,-0.094031,-0.269656,1.657472,1.964921,0.281481,2.058013,0.896132,3.35925,-2.712111,0.943598,-5.298499,0.051214,0.155438,-0.46998,-2.217779,-1.222074,2.386788,-0.043355,1.083484,-1.96264,-0.012294,1.313879,-1.582081,-0.31606,1.37159,-1.433772,0.157033,1.077525,-1.605245
0.033995,0.005849,0.026914,0.999042,0.769548,-0.038455,-0.14835,-3.136145,0.473393,0.276342,2.868682,3.271117,-1.68667,3.629995,-0.302826,-6.08222,3.111835,-0.074021,-4.289937,2.950947,1.077318,0.859772,0.031231,1.168533,-2.006494,0.082086,1.306005,-1.740219,-0.235152,1.369666,-1.545311,0.233758,1.105535,-1.582891
0.004381,0.004728,0.031978,0.999468,0.773626,0.031857,-0.047597,-1.61291,-0.386104,0.349142,2.481413,3.238214,0.397262,4.729042,0.54056,-2.583817,-0.046627,-1.075765,-5.773729,3.224936,2.068364,0.514587,0.095748,1.252727,-1.996165,0.205041,1.32006,-1.807398,-0.236364,1.341696,-1.695428,0.317606,1.159312,-1.569512
-0.000628,-0.001225,0.03383,0.999427,0.762392,0.073793,0.014255,0.310505,-0.469081,-0.17395,0.363508,2.837774,1.385876,2.416129,0.480649,-0.753057,-1.029921,-1.243264,-3.830346,-0.069836,2.956917,0.147114,0.105199,1.326509,-1.960132,0.26786,1.332557,-1.826977,-0.263142,1.309371,-1.795017,0.31579,1.236192,-1.565687
0.011102,-0.005873,0.026718,0.999564,0.757913,0.06889,0.065058,1.007012,-0.342702,-0.895187,-0.937349,2.232244,1.521523,1.218992,-0.44297,-2.220562,-0.338957,-2.544438,-3.861861,-3.030557,3.405567,0.345404,0.080828,1.384547,-1.920573,0.299554,1.32104,-1.884712,-0.271955,1.243215,-1.895425,0.236996,1.324737,-1.556706
0.015504,-0.011428,0.0142,0.999714,0.787996,0.091977,0.087067,-0.338084,-0.543421,-0.848003,-0.465535,1.419803,2.155292,0.990595,-3.103902,-3.815922,0.835265,-3.353428,-4.463933,-2.319475,2.745081,1.519566,0.068724,1.421462,-1.864535,0.32531,1.240338,-1.983926,-0.250238,1.156026,-2.011487,0.176689,1.396109,-1.517198
0.005304,-0.018397,0.006667,0.999794,0.827669,0.160316,0.008791,-1.085521,-0.564905,-0.180762,0.417056,0.744839,3.220412,-0.191388,-5.790587,-3.043418,0.296202,-2.974968,-2.964499,-0.347954,1.906155,2.344966,0.079568,1.440828,-1.780804,0.320333,1.089783,-2.063055,-0.242537,1.078677,-2.088564,0.167643,1.445669,-1.456228
-0.010596,-0.025028,0.007841,0.9996,0.797276,0.198011,-0.104276,-1.200076,-0.389527,0.342562,0.536021,0.52377,3.90614,-0.881125,-5.205269,-0.440376,-0.531053,-1.857033,2.100124,0.699841,1.3921,1.509916,0.093504,1.454446,-1.679245,0.297424,0.954446,-2.074505,-0.256345,1.030394,-2.033961,0.185838,1.481864,-1.416971
-0.016533,-0.024021,0.014394,0.999471,0.676671,0.209858,-0.111365,-0.281216,0.613563,0.758953,-0.367411,0.477865,2.16715,-3.165258,-3.16643,5.122751,0.847451,-0.228166,5.399067,0.236019,0.295068,0.463698,0.083951,1.466871,-1.622899,0.215128,0.872119,-1.941313,-0.234311,1.024462,-1.893585,0.191975,1.489536,-1.404914
-0.016183,-0.005408,0.024029,0.999566,0.654909,0.148975,0.055685,0.918399,1.888622,0.762922,-0.936494,0.79123,0.391454,-3.083858,0.644666,0.723915,0.980607,0.723986,2.585008,-0.180264,-1.900029,-0.417119,0.059603,1.487443,-1.612721,0.134947,0.88888,-1.922491,-0.208815,1.043285,-1.826375,0.187288,1.440135,-1.41576
0.002717,0.011018,0.031142,0.999451,0.641752,0.038102,0.178491,1.208581,0.317516,0.22069,-4.951664,-0.994958,-3.369019,-2.456081,2.096066,-1.987602,-1.395636,0.626639,1.737554,-0.686603,-1.805889,-1.527726,-0.069141,1.461574,-1.700315,0.071089,0.943378,-1.974169,-0.245102,1.059578,-1.781199,0.169436,1.393182,-1.45548
0.011671,0.010733,0.027508,0.999496,0.639607,-0.060201,0.202113,0.283075,-0.1138,-0.767819,-5.950702,-2.513377,-3.039335,-0.868311,2.453438,0.910175,-1.108163,1.111641,1.83806,2.390583,0.191073,-1.228185,-0.223859,1.396226,-1.779338,0.048513,1.007167,-1.950504,-0.273914,1.088481,-1.733409,0.231592,1.39815,-1.487413
0.014016,0.00497,0.013844,0.999794,0.665349,-0.072522,0.12638,0.125919,-0.76923,-1.106928,-2.942601,-2.325959,-1.041123,0.462439,2.115412,2.490615,-0.922369,0.091225,1.84732,2.203465,-1.213258,0.363027,-0.300367,1.335751,-1.806407,0.060536,1.062168,-1.885748,-0.297895,1.090853,-1.685379,0.288882,1.366605,-1.477975
0.015413,-0.005539,0.00231,0.999863,0.691577,-0.023948,0.048585,0.02763,-0.845447,-0.463969,-0.46365,-1.856734,-0.928655,0.445065,1.940926,2.962964,-0.628749,1.51905,1.301271,0.41254,-2.091695,-0.533129,-0.312421,1.287476,-1.830552,0.072108,1.112632,-1.808711,-0.314243,1.130348,-1.651546,0.299608,1.312221,-1.491836
0.014177,-0.014329,0.001157,0.999796,0.712393,0.027267,0.063198,-0.207975,-0.456124,0.261727,0.07895,-0.832261,-2.602816,0.168501,1.87115,2.111333,-0.052777,2.259443,1.050839,-0.852072,-2.756883,-4.008218,-0.310369,1.265837,-1.898225,0.076489,1.161282,-1.753817,-0.315615,1.189093,-1.624224,0.277454,1.240542,-1.59605
0.011195,-0.017145,0.007508,0.999762,0.778186,0.042171,0.094266,-0.06556,-0.062606,0.63552,0.614971,-0.843547,-3.814658,-0.002448,1.609893,1.354763,0.681127,1.97248,1.54845,-1.457117,-3.075242,-4.809162,-0.294379,1.243905,-1.997407,0.076426,1.203139,-1.718593,-0.297906,1.240378,-1.583964,0.239569,1.160586,-1.721088
0.004338,-0.020698,0.01481,0.999667,0.818855,-0.013104,0.073287,-0.297215,-0.468597,0.341892,2.759263,-2.501021,-2.878539,0.251833,1.415944,1.815461,1.098316,1.674893,2.264793,0.106797,-1.727302,-2.051213,-0.222639,1.178878,-2.072249,0.082973,1.239954,-1.671391,-0.26935,1.283925,-1.52508,0.242346,1.115676,-1.774419
0.006304,-0.026205,0.016921,0.999494,0.792405,-0.097111,0.026307,0.432792,-0.406715,-0.069593,2.872226,-2.823157,-0.796082,-0.218564,1.161933,2.870467,-0.05905,1.405416,2.63998,0.655842,-0.029951,1.222167,-0.147961,1.105476,-2.092947,0.07729,1.270164,-1.596759,-0.270885,1.320466,-1.45644,0.259397,1.114897,-1.742643
0.022879,-0.02912,0.015045,0.999201,0.732408,-0.127658,-0.145199,2.070418,0.069144,-0.156184,1.800173,-1.338679,1.289677,-1.00481,0.657976,3.42197,-1.123914,1.069787,1.090321,-1.039136,-0.186025,2.595849,-0.101156,1.070671,-2.059415,0.051165,1.287271,-1.507788,-0.300107,1.34828,-1.428092,0.23238,1.11006,-1.675151
0.051231,-0.019119,0.017216,0.998355,0.710399,-0.11366,-0.253909,1.977746,1.086292,0.134636,1.802236,0.077826,3.50776,-2.788885,0.496095,-2.851441,-0.748071,0.538548,-0.238058,-2.002866,-0.16442,2.399056,-0.054298,1.072694,-1.968213,-0.021346,1.30017,-1.581925,-0.319556,1.362283,-1.434281,0.180305,1.105785,-1.612775
0.051729,-0.004437,0.018166,0.998486,0.690294,-0.093521,-0.177464,-1.466458,0.633051,-0.171935,1.907875,2.360338,-0.016681,-0.312201,0.198121,-5.903213,1.524896,0.298159,-0.533825,0.173909,0.322859,1.105805,-0.004693,1.134063,-1.968647,-0.029463,1.305321,-1.735409,-0.279909,1.370035,-1.448161,0.184827,1.11418,-1.584024
0.017207,0.000489,0.015239,0.999736,0.71735,-0.018953,-0.085899,-2.505282,0.43135,-0.144339,3.299152,2.629703,-0.401613,4.981699,0.284817,-2.479213,2.452342,-0.252045,-5.061233,2.965962,1.885448,0.444777,0.081085,1.202435,-1.979089,0.100061,1.312726,-1.799868,-0.216148,1.363482,-1.579753,0.261942,1.163201,-1.57246
-0.001539,0.000173,0.016939,0.999855,0.718874,0.057936,-0.041454,-1.045273,-0.528693,0.254179,1.619687,2.657949,0.613967,5.226122,0.765369,-0.627782,-0.739974,-0.965395,-5.473606,1.770451,1.717101,0.64294,0.123196,1.271542,-1.963126,0.235941,1.332626,-1.81619,-0.235388,1.338381,-1.722067,0.307974,1.207846,-1.555744
-0.006165,-0.008521,0.019504,0.999754,0.734203,0.110594,0.000377,0.045877,-0.750207,0.010609,0.152156,2.415314,1.845688,1.559474,0.114391,-1.624786,-1.007186,-1.114443,-4.522341,-0.152199,2.957439,-0.051496,0.127153,1.33434,-1.915138,0.276487,1.3356,-1.858435,-0.261574,1.309406,-1.839647,0.304017,1.284739,-1.557083
0.003735,-0.018423,0.016302,0.99969,0.764944,0.105781,0.081843,1.044535,-0.816894,-0.572248,-1.031469,2.12758,2.014904,0.445269,-1.593667,-3.339978,-0.655682,-2.910117,-4.813657,-1.804582,3.171411,0.592241,0.100334,1.389657,-1.86275,0.288064,1.294165,-1.945274,-0.278622,1.233743,-1.964803,0.257097,1.367196,-1.541684
0.0171,-0.026372,0.007411,0.999478,0.801688,0.090254,0.093463,0.800591,-0.348461,-0.657637,-1.376439,1.458969,2.378772,0.366555,-4.358045,-3.295966,0.593414,-4.183567,-3.97245,-2.361554,2.358982,1.954899,0.064547,1.42759,-1.800902,0.297594,1.180855,-2.030969,-0.263193,1.12497,-2.068086,0.195697,1.42853,-1.490857
0.009919,-0.030767,0.002203,0.999475,0.794967,0.132114,0.000892,-1.573986,-0.444164,0.069854,0.10783,0.592204,3.296367,0.749393,-5.810047,-1.574433,1.226911,-3.525112,-0.450135,-0.416881,1.193266,2.92835,0.06735,1.442987,-1.715197,0.317079,1.029794,-2.071905,-0.231294,1.033317,-2.07979,0.184858,1.459555,-1.41472
-0.009414,-0.034538,0.006768,0.999336,0.752939,0.179923,-0.125216,-1.300382,0.046974,0.668092,0.919373,0.332357,3.916735,-1.517228,-4.610006,0.918291,-0.303255,-1.674093,3.240279,1.694581,0.52051,2.016466,0.091254,1.451629,-1.613362,0.277631,0.909934,-2.048029,-0.239178,0.989791,-1.995543,0.228917,1.473088,-1.362292
-0.011995,-0.026585,0.016908,0.999432,0.672285,0.188518,-0.063808,0.426913,1.168917,0.936716,-0.937254,0.169636,1.009947,-4.484922,-1.905687,7.041079,0.830625,0.598594,5.751692,0.139743,-0.771506,-0.599594,0.066886,1.456039,-1.587103,0.161023,0.860386,-1.864961,-0.217582,1.005354,-1.845999,0.232551,1.453029,-1.377881
-0.002098,-0.00164,0.025965,0.999659,0.696973,0.107906,0.00102,1.072679,1.864086,0.428545,-2.219927,0.097218,-1.866775,-2.565683,2.008603,-1.962,-0.625077,0.537674,1.595985,-2.559347,-2.263983,-2.743086,0.009167,1.458567,-1.635639,0.094315,0.91261,-1.915973,-0.233834,1.019334,-1.804503,0.166008,1.394165,-1.449202
0.0013,0.013517,0.027049,0.999542,0.667042,-0.008525,0.137453,-0.552718,0.496307,-0.391575,-4.522562,-1.875437,-3.396699,-0.79582,2.533057,-1.773826,-0.473151,0.288511,2.075392,0.064125,-1.260366,-1.221961,-0.108419,1.409806,-1.723953,0.073624,0.978469,-1.962092,-0.246136,1.026835,-1.750543,0.167675,1.361396,-1.480973
-5.9e-05,0.013709,0.017428,0.999754,0.658982,-0.074618,0.164746,0.543705,-0.407923,-0.895463,-5.723104,-2.40624,-1.89135,0.393811,2.80658,0.818691,-0.166042,0.283683,1.153224,2.763026,-0.012153,-0.812684,-0.25722,1.347243,-1.773129,0.083863,1.05144,-1.940807,-0.250453,1.034211,-1.720559,0.239513,1.36108,-1.502102
0.009224,0.003882,0.004363,0.99994,0.684254,-0.052376,0.089662,0.651025,-1.065088,-0.911671,-1.641921,-2.085832,-1.313801,-0.106333,2.028263,3.050054,-1.301415,1.374356,1.013276,1.645028,-1.57462,-0.587499,-0.29991,1.293012,-1.807287,0.081098,1.104175,-1.861505,-0.28429,1.069944,-1.694214,0.282284,1.32014,-1.517377
0.01457,-0.006923,-0.003739,0.999863,0.705218,0.000425,0.052198,0.082527,-0.507697,-0.202356,-0.117386,-1.529001,-2.476829,-0.068849,1.843233,2.907951,-0.967696,2.068626,0.970883,0.227458,-2.268835,-2.23237,-0.302962,1.253258,-1.871685,0.079308,1.152099,-1.785898,-0.30945,1.123728,-1.668971,0.288198,1.26115,-1.575419
0.013088,-0.009644,-0.001506,0.999867,0.757726,0.045446,0.095886,-0.17087,-0.007779,0.521964,0.039618,-0.487722,-3.853831,0.038979,1.644272,1.574454,0.288659,1.898936,1.334918,-1.10106,-3.521051,-4.774281,-0.301932,1.240577,-1.971885,0.080321,1.19485,-1.744963,-0.301945,1.173101,-1.634263,0.259571,1.169603,-1.69955
0.007552,-0.010279,0.007154,0.999893,0.823001,0.022321,0.111924,-0.183458,-0.111984,0.649233,1.549212,-1.576856,-3.450949,0.107488,1.41374,1.410116,1.111004,1.811116,1.899084,-0.832819,-2.736575,-3.163681,-0.261652,1.199579,-2.061609,0.083116,1.231608,-1.7083,-0.273059,1.22019,-1.584887,0.237917,1.098452,-1.781806
0.004864,-0.013989,0.014455,0.999786,0.828555,-0.068183,0.085689,0.135217,-0.465908,0.32354,3.453154,-2.105855,-1.365432,-0.045067,1.1442,2.419007,0.792458,1.729208,2.430599,0.413133,-0.520455,0.66544,-0.17187,1.144826,-2.09711,0.081944,1.261357,-1.645405,-0.252455,1.265149,-1.521691,0.248659,1.08492,-1.764504
0.015596,-0.019972,0.015818,0.999554,0.772001,-0.115398,-0.065799,1.37568,-0.553841,-0.138064,3.135033,-1.924432,0.791958,-0.713032,0.711995,3.609817,-0.598672,1.568753,1.65848,-0.150971,0.102604,2.932909,-0.090359,1.094791,-2.07652,0.063405,1.279869,-1.55155,-0.26802,1.305937,-1.478571,0.244733,1.087587,-1.688249
0.044482,-0.020123,0.014014,0.998709,0.740246,-0.109184,-0.281448,2.661131,0.685333,-0.095005,1.454484,-1.046853,2.691072,-2.551842,-0.151129,0.99668,-1.625542,1.21591,-0.221824,-1.941226,0.02606,2.799844,-0.052543,1.067573,-2.006552,-0.002942,1.275939,-1.525636,-0.310284,1.33755,-1.484338,0.194262,1.088265,-1.615453
0.057024,-0.003412,0.014332,0.998264,0.72405,-0.069511,-0.199553,-0.547981,0.988694,-0.058807,1.306959,1.599466,1.826522,0.231692,1.402841,-5.218027,0.336614,-0.108405,-0.70372,-1.13517,0.056158,1.378006,-0.018562,1.109159,-1.959062,0.003082,1.312413,-1.661305,-0.301532,1.334732,-1.502635,0.164747,1.089725,-1.579625
0.029929,0.002323,0.014699,0.999441,0.739521,-0.011582,-0.119952,-2.372408,0.256911,0.128814,2.54188,3.127792,-0.850369,4.707364,-0.125624,-4.450692,2.582406,0.199475,-3.513792,2.5876,1.801259,0.407509,0.047527,1.190482,-1.981172,0.125473,1.309147,-1.777023,-0.23439,1.339918,-1.593993,0.232025,1.136558,-1.56903
0.007871,-5.5e-05,0.018852,0.999791,0.738449,0.051912,-0.062584,-1.325493,-0.468956,0.388597,1.742509,2.892749,0.806338,3.942393,0.181706,-1.685934,0.425972,-0.971673,-4.885711,2.370674,2.014932,0.565339,0.092832,1.265693,-1.960207,0.227975,1.313871,-1.820857,-0.223315,1.314655,-1.721022,0.293662,1.188946,-1.554331
-0.000515,-0.007376,0.022837,0.999712,0.738826,0.101502,-0.005027,-0.265516,-0.680148,0.101002,0.457193,2.570673,1.67258,1.867381,0.387551,-1.195333,-1.042452,-1.08841,-4.105792,0.393926,2.823205,-0.016861,0.104719,1.332531,-1.91672,0.276527,1.323948,-1.851936,-0.250418,1.286356,-1.827772,0.303904,1.262349,-1.554769
0.007345,-0.015153,0.020241,0.999653,0.7606,0.105849,0.069066,0.978007,-0.522825,-0.551759,-0.843338,2.139836,1.881993,0.623633,-1.13199,-2.693803,-0.8435,-2.423082,-4.539272,-1.890519,3.186435,0.393464,0.082792,1.388167,-1.867788,0.292742,1.294516,-1.921975,-0.272349,1.223356,-1.945794,0.254751,1.345197,-1.544539
0.017005,-0.020985,0.010562,0.999579,0.796635,0.094757,0.097074,0.352166,-0.425657,-0.814331,-1.043635,1.404859,2.201866,0.530865,-3.715122,-3.567934,0.469431,-3.570457,-4.245324,-2.393961,2.459106,1.687055,0.055658,1.424693,-1.81054,0.306544,1.197923,-2.014741,-0.260144,1.130524,-2.056172,0.192508,1.409133,-1.500676
0.00776,-0.025749,0.002362,0.999636,0.80905,0.135566,0.004903,-1.518674,-0.352273,-0.204049,0.278332,0.527326,3.23899,0.5171,-5.852948,-2.30135,0.96901,-3.283853,-1.359404,-0.61163,1.59771,2.63102,0.062895,1.438403,-1.726326,0.319989,1.045746,-2.074576,-0.23495,1.045144,-2.091516,0.176606,1.450674,-1.432269
-0.012572,-0.028559,0.003665,0.999506,0.766358,0.188573,-0.124234,-1.460007,0.037126,0.47234,0.967912,0.258811,3.814548,-1.34724,-4.891212,0.563505,-0.279433,-1.729696,2.921746,1.29694,0.687288,1.977657,0.08806,1.445132,-1.627148,0.28496,0.918575,-2.059925,-0.242215,1.000172,-2.015551,0.210326,1.468543,-1.38085
-0.016894,-0.020675,0.01264,0.999564,0.663196,0.182613,-0.079672,0.246631,1.244443,0.988498,-0.723782,0.22099,1.43415,-4.468545,-2.464363,6.623374,0.769675,0.328997,5.553056,0.224183,-0.769102,-0.108942,0.069242,1.450878,-1.58986,0.168778,0.854501,-1.887717,-0.222204,1.008726,-1.871172,0.216155,1.448547,-1.383682
-0.000266,0.002869,0.024039,0.999707,0.685803,0.114759,0.018664,1.429193,1.818517,0.635329,-2.605018,0.488949,-1.589529,-3.304963,1.783056,-1.832509,-0.071533,0.819003,2.384431,-2.274057,-2.528157,-2.002388,0.001512,1.463591,-1.631187,0.082849,0.900861,-1.935363,-0.224063,1.03002,-1.809176,0.157029,1.382815,-1.435745
0.008347,0.017164,0.027707,0.999434,0.663718,-0.00208,0.14772,-0.042471,0.325257,-0.176053,-4.252613,-1.24752,-3.334166,-1.354732,2.334783,-1.601077,-0.703964,0.573999,1.847059,0.084696,-1.15751,-1.316253,-0.109056,1.431155,-1.717876,0.047626,0.961565,-1.976991,-0.242366,1.044944,-1.761153,0.159231,1.352719,-1.469967
0.009282,0.015859,0.020322,0.999625,0.663748,-0.087118,0.18097,0.363268,-0.410897,-0.809055,-5.324444,-2.405873,-2.248067,0.090072,2.756453,0.937147,-0.662962,0.969994,1.767558,3.08747,0.477769,-1.164135,-0.247492,1.368603,-1.776325,0.049968,1.033233,-1.952625,-0.259603,1.070163,-1.715196,0.239506,1.365141,-1.500235
0.014671,0.005908,0.008019,0.999843,0.689188,-0.077435,0.09945,0.27924,-1.01659,-0.924372,-1.970667,-2.221138,-1.305978,0.247343,2.108469,2.972623,-1.124238,0.991022,1.301533,1.981559,-1.317889,-0.215392,-0.298729,1.310853,-1.810281,0.056399,1.088053,-1.875337,-0.288834,1.09593,-1.681357,0.291026,1.330876,-1.505835
0.015673,-0.005019,-0.000829,0.999864,0.711535,-0.021458,0.047004,-0.18112,-0.619861,-0.270684,-0.350314,-1.720003,-1.958278,0.407754,1.93072,2.9202,-0.601452,1.853337,1.235361,0.11235,-2.046359,-1.642161,-0.307837,1.266133,-1.861196,0.067001,1.138252,-1.799412,-0.304471,1.144117,-1.649237,0.293947,1.277671,-1.548531
0.012404,-0.009793,1.3e-05,0.999875,0.754161,0.03364,0.0771,-0.230152,-0.158852,0.37869,-0.091737,-0.704342,-3.512717,0.299644,1.778322,1.760199,0.366355,1.954443,1.355269,-1.203136,-3.108619,-4.851024,-0.310223,1.24782,-1.952527,0.074791,1.184488,-1.753646,-0.294946,1.194932,-1.614,0.262666,1.196847,-1.674658
0.009039,-0.011337,0.00711,0.99987,0.824843,0.029199,0.10042,0.073173,-0.141082,0.594836,1.151835,-1.53591,-3.658083,0.019885,1.511387,1.478455,0.834557,1.776932,1.879267,-0.994168,-2.894883,-3.906491,-0.280275,1.207886,-2.047637,0.075308,1.223784,-1.715207,-0.273248,1.241133,-1.565139,0.236817,1.12158,-1.776226
0.00749,-0.015297,0.013971,0.999757,0.839903,-0.055375,0.079653,0.154957,-0.447352,0.317575,3.424695,-2.534093,-1.808644,-0.130252,1.268566,2.316902,0.648626,1.672145,2.468269,0.48391,-1.121226,-0.10651,-0.191233,1.142,-2.094662,0.071922,1.256767,-1.654967,-0.256383,1.284608,-1.500964,0.249399,1.092428,-1.778996
0.01651,-0.020684,0.016101,0.99952,0.79131,-0.099299,-0.070415,1.111693,-0.455351,-0.049849,3.43413,-2.225209,0.397322,-0.639204,0.866902,3.36681,-0.4835,1.420803,2.166163,0.191981,-0.16621,2.548645,-0.101946,1.084145,-2.084331,0.055303,1.279306,-1.56743,-0.268954,1.321549,-1.444644,0.25439,1.088107,-1.712731
0.041615,-0.020137,0.015009,0.998818,0.733854,-0.099307,-0.291591,2.03465,0.449005,-0.10116,1.576157,-1.072105,2.385491,-1.774686,0.299421,2.722916,-1.297711,1.026046,-0.085442,-2.024292,-1.203392,2.943685,-0.060965,1.05627,-2.022308,0.009161,1.287091,-1.496634,-0.302695,1.348226,-1.446865,0.201759,1.056818,-1.636195
0.058191,-0.003312,0.017941,0.998139,0.722288,-0.07689,-0.220861,0.107669,1.416289,0.156165,1.239566,1.281223,2.832326,-0.665071,1.41436,-4.924391,0.012883,-0.071194,-0.800044,-1.078522,0.111704,1.823204,-0.028737,1.089582,-1.948668,-0.008131,1.323865,-1.624668,-0.30236,1.346375,-1.467667,0.173717,1.059723,-1.588792
0.029991,0.005507,0.021035,0.999314,0.763261,-0.022027,-0.133408,-2.626953,0.394104,0.256354,2.564675,3.39313,-1.586149,3.658338,-0.323597,-5.26688,2.820705,-0.147737,-4.13998,2.850687,1.352599,0.476089,0.037945,1.177803,-1.989908,0.086986,1.315451,-1.761607,-0.229022,1.342534,-1.575306,0.247835,1.09489,-1.576413
0.004357,0.002581,0.026127,0.999646,0.767545,0.043073,-0.053312,-1.356689,-0.590374,0.361185,2.069212,3.130466,0.675521,4.05225,0.095395,-2.054398,0.241357,-1.173225,-5.238527,2.776159,2.200989,0.351584,0.091744,1.259195,-1.972344,0.192344,1.317931,-1.815022,-0.222746,1.31203,-1.711508,0.320015,1.152116,-1.567272
