[-0.01199, 1.009004, -1.707636, 0.011816, 1.002454, -1.755393, -0.015826, 0.977754, -1.782958, 0.015044, 0.990143, -1.753578]
[0.056793, 1.234563, -1.715171, -0.038748, 1.202543, -1.630387, -0.024803, 1.061412, -1.798532, 0.008707, 1.050638, -1.787994]
[-0.014767, 1.437409, -1.733695, -0.106858, 1.296132, -1.56375, -0.031933, 1.085383, -1.785206, 0.1011, 1.132243, -1.745587]
[-0.234382, 1.503097, -1.916162, -0.118837, 1.32533, -1.51763, -0.039843, 1.157193, -1.782389, 0.288179, 1.34209, -1.752447]
[-0.247056, 1.432214, -2.09183, -0.16679, 1.310871, -1.391079, -0.08282, 1.226015, -1.742967, 0.285071, 1.43532, -1.930442]
[-0.341039, 1.237246, -2.157136, -0.203766, 1.284288, -1.324065, -0.125005, 1.218492, -1.645324, 0.301019, 1.343187, -2.122804]
[-0.380766, 0.904478, -2.131202, -0.238414, 1.364605, -1.341631, -0.188242, 1.238393, -1.524526, 0.329997, 1.139252, -2.162493]
[-0.358618, 0.561913, -1.953618, -0.141507, 1.555951, -1.498934, -0.246165, 1.281982, -1.446188, 0.287204, 0.824255, -2.073591]
[-0.325203, 0.416262, -1.779905, 0.02946, 1.643268, -1.650747, -0.293361, 1.275971, -1.400787, 0.213474, 0.570653, -1.950089]
[-0.377023, 0.541558, -1.904722, 0.009214, 1.63956, -1.72549, -0.274653, 1.307803, -1.437245, 0.0825, 0.522971, -1.838608]
[-0.313909, 0.685516, -1.934381, 0.118291, 1.581846, -1.74879, -0.187652, 1.397576, -1.56648, -0.03583, 0.676683, -1.899094]
[-0.344751, 0.805768, -1.968179, 0.295903, 1.555577, -1.801473, -0.207294, 1.475629, -1.692298, -0.062633, 0.861281, -2.085472]
[-0.313146, 0.907847, -1.971628, 0.333919, 1.569584, -1.929281, -0.176654, 1.510106, -1.875039, -0.052882, 1.028568, -2.20919]
[-0.307519, 1.003257, -1.955202, 0.317625, 1.565803, -2.139936, -0.177997, 1.533116, -2.090197, -0.060095, 1.172703, -2.271968]
[-0.37147, 1.065008, -1.898329, 0.353272, 1.44823, -2.359091, -0.204567, 1.488394, -2.297453, -0.110118, 1.262256, -2.26039]
[-0.351761, 1.128597, -1.853113, 0.405549, 1.132268, -2.458756, -0.213165, 1.28719, -2.417552, -0.123648, 1.31044, -2.193103]
[-0.206663, 1.180368, -1.835063, 0.401123, 0.744926, -2.390462, -0.22028, 0.970439, -2.38485, -0.087465, 1.344833, -2.107193]
[-0.140564, 1.220228, -1.827742, 0.335337, 0.560585, -2.240718, -0.281948, 0.674745, -2.248144, -0.140031, 1.344003, -2.0005]
[-0.206964, 1.254543, -1.794901, 0.272915, 0.674423, -2.332539, -0.305794, 0.630285, -2.136986, -0.043427, 1.307808, -1.915482]
[-0.359765, 1.333672, -1.739865, 0.106385, 0.85367, -2.343132, -0.361709, 0.802612, -1.94783, 0.153817, 1.373033, -1.872242]
[-0.325097, 1.438153, -1.675433, -0.09051, 1.067119, -2.238696, -0.420777, 1.032484, -1.894299, 0.214367, 1.464756, -1.831187]
[-0.275378, 1.493719, -1.682575, -0.102128, 1.246616, -2.114426, -0.498776, 1.195401, -1.901442, 0.272051, 1.486062, -1.85836]
[-0.280349, 1.533655, -1.822149, -0.014421, 1.387762, -1.974946, -0.468511, 1.323629, -1.83599, 0.324881, 1.50044, -1.830057]
[-0.373697, 1.50545, -2.023913, 0.035403, 1.439599, -1.817657, -0.41284, 1.386421, -1.705865, 0.334197, 1.547209, -1.868688]
[-0.388076, 1.333352, -2.048882, 0.035054, 1.423325, -1.610656, -0.361042, 1.432044, -1.56374, 0.293205, 1.418646, -2.060173]
[-0.385649, 0.97119, -1.966994, -0.073123, 1.468331, -1.446437, -0.327375, 1.49816, -1.473589, 0.305393, 1.211828, -2.256188]
[-0.347929, 0.52321, -1.855315, -0.003981, 1.578406, -1.4777, -0.291768, 1.56967, -1.428618, 0.325526, 1.004948, -2.292651]
[-0.349927, 0.333584, -1.726161, 0.251168, 1.665664, -1.593527, -0.312637, 1.649602, -1.392547, 0.272023, 0.885964, -2.21701]
[-0.339638, 0.38281, -1.63314, 0.347736, 1.682074, -1.663922, -0.335513, 1.686475, -1.354533, 0.215744, 0.902578, -2.121458]
[-0.34887, 0.604538, -1.583712, 0.229639, 1.649262, -1.63702, -0.434268, 1.760068, -1.272287, 0.089866, 1.02823, -2.099842]
[-0.421798, 0.81254, -1.718462, 0.200069, 1.596303, -1.674788, -0.424259, 1.759275, -1.25659, 0.041736, 1.117026, -2.158205]
[-0.473871, 0.990915, -1.836319, 0.289759, 1.587669, -1.813916, -0.381798, 1.735102, -1.450371, 0.003384, 1.238038, -2.208756]
[-0.499772, 1.081198, -1.897477, 0.341653, 1.597925, -2.027746, -0.314902, 1.680429, -1.820343, -0.053872, 1.388725, -2.242714]
[-0.492274, 1.154112, -1.87377, 0.368277, 1.540076, -2.282794, -0.245017, 1.585008, -2.142139, -0.093471, 1.55445, -2.248708]
[-0.45309, 1.238947, -1.830346, 0.384999, 1.337357, -2.433179, -0.259671, 1.417574, -2.334164, -0.110372, 1.664129, -2.195025]
[-0.406603, 1.313086, -1.805253, 0.414328, 0.964579, -2.407676, -0.272244, 1.181106, -2.363597, -0.13012, 1.712524, -2.105308]
[-0.315984, 1.37309, -1.812724, 0.409723, 0.628805, -2.193833, -0.235663, 0.927818, -2.265205, -0.051258, 1.724128, -2.017523]
[-0.335863, 1.459176, -1.816003, 0.408684, 0.688398, -2.354161, -0.286058, 0.759143, -2.131162, 0.167789, 1.686576, -1.949153]
[-0.34286, 1.549813, -1.766947, 0.332347, 0.7865, -2.443351, -0.285476, 0.789255, -2.079507, 0.268476, 1.687576, -1.8745]
[-0.34845, 1.577885, -1.738307, 0.301028, 0.969865, -2.442404, -0.281095, 0.971912, -2.084701, 0.284121, 1.749228, -1.81506]
[-0.340429, 1.614695, -1.712889, 0.336479, 1.149506, -2.386828, -0.301811, 1.114384, -2.14754, 0.26884, 1.786424, -1.753272]
[-0.358904, 1.636085, -1.78949, 0.309886, 1.28898, -2.289962, -0.344214, 1.251225, -2.168182, 0.245819, 1.767078, -1.86546]
[-0.367428, 1.619364, -2.031252, 0.183996, 1.416136, -2.167867, -0.449463, 1.381692, -2.14701, 0.264329, 1.662566, -2.13002]
[-0.345054, 1.423261, -2.246771, 0.07464, 1.545473, -2.033351, -0.515476, 1.429023, -2.039633, 0.300717, 1.5108, -2.355089]
[-0.343747, 1.11093, -2.302298, 0.158121, 1.6418, -1.907839, -0.437703, 1.426044, -1.84486, 0.317802, 1.293534, -2.45103]
[-0.359973, 0.774956, -2.214737, 0.13681, 1.708106, -1.859789, -0.354284, 1.50473, -1.606647, 0.290263, 1.066461, -2.396551]
[-0.357007, 0.604915, -1.971731, 0.033288, 1.720889, -1.783176, -0.32864, 1.5094, -1.473681, 0.231524, 0.890683, -2.279352]
[-0.377693, 0.678634, -1.842678, -0.064907, 1.732479, -1.646397, -0.391963, 1.496035, -1.374685, 0.073577, 0.901035, -2.212598]
[-0.420953, 0.78449, -1.832768, 0.082362, 1.651451, -1.61509, -0.341566, 1.537162, -1.464521, 0.017663, 1.018537, -2.205792]
[-0.425971, 1.050267, -1.878881, 0.287987, 1.600131, -1.684837, -0.334624, 1.56013, -1.553513, -0.072888, 1.141481, -2.173972]
[-0.372372, 1.294408, -1.875227, 0.366051, 1.595284, -1.82363, -0.346704, 1.597828, -1.660568, -0.144238, 1.268269, -2.150961]
[-0.334094, 1.454509, -1.797627, 0.371613, 1.597052, -2.017044, -0.32552, 1.594757, -1.886123, -0.167372, 1.382413, -2.126727]
[-0.328325, 1.470895, -1.764279, 0.3821, 1.56903, -2.234538, -0.272315, 1.545567, -2.134253, -0.164556, 1.484081, -2.099347]
[-0.252356, 1.483743, -1.710373, 0.424929, 1.393881, -2.386501, -0.205648, 1.4021, -2.320067, -0.076224, 1.525506, -2.048199]
[-0.121019, 1.488786, -1.666379, 0.371616, 1.038228, -2.341967, -0.189505, 1.147641, -2.367434, -0.003759, 1.507721, -1.996607]
[-0.000406, 1.476229, -1.643913, 0.24243, 0.753518, -2.095495, -0.152079, 0.843925, -2.240736, 0.03999, 1.476997, -1.918192]
[-0.102924, 1.518422, -1.712422, 0.233885, 0.752855, -2.131068, -0.146966, 0.713009, -2.135349, 0.135007, 1.513498, -1.827291]
[-0.287333, 1.582305, -1.762374, 0.291744, 0.837255, -2.192596, -0.126638, 0.746443, -1.924791, 0.208038, 1.576041, -1.764069]
[-0.320004, 1.587394, -1.75472, 0.356657, 0.997165, -2.179041, -0.086058, 0.88165, -1.911258, 0.231537, 1.588658, -1.690595]
[-0.326412, 1.566175, -1.78206, 0.386109, 1.151513, -2.168727, -0.094379, 1.01033, -1.998055, 0.232755, 1.669661, -1.656508]
[-0.331398, 1.567496, -1.878391, 0.351118, 1.226288, -2.178419, -0.109696, 1.106184, -2.037936, 0.243761, 1.629896, -1.713329]
[-0.323062, 1.58295, -2.052266, 0.29578, 1.279427, -2.175939, -0.125687, 1.182849, -2.031628, 0.260657, 1.51417, -1.916915]
[-0.335236, 1.508663, -2.246425, 0.282112, 1.347345, -2.136206, -0.126925, 1.249663, -1.995432, 0.295451, 1.33421, -2.134318]
[-0.37737, 1.303037, -2.36382, 0.257101, 1.419737, -2.078256, -0.144623, 1.31697, -1.954004, 0.283154, 1.057998, -2.295407]
[-0.368667, 1.033321, -2.341138, 0.165644, 1.490597, -2.025207, -0.214577, 1.374922, -1.906851, 0.282097, 0.755292, -2.3227]
[-0.33389, 0.828271, -2.187677, 0.095495, 1.541356, -1.983691, -0.269298, 1.391971, -1.831068, 0.277729, 0.545841, -2.252854]
[-0.321192, 0.783978, -1.959486, 0.015309, 1.576965, -1.946644, -0.31444, 1.370692, -1.717162, 0.237499, 0.479378, -2.163957]
[-0.358799, 0.866432, -1.943089, -0.023913, 1.597142, -1.87586, -0.30069, 1.33297, -1.64062, 0.185599, 0.600424, -2.102807]
[-0.321678, 0.93133, -1.896463, 0.102639, 1.561059, -1.800606, -0.269397, 1.351643, -1.676466, 0.066392, 0.806912, -2.098197]
[-0.212095, 1.004587, -1.906718, 0.276511, 1.543878, -1.865223, -0.248481, 1.413277, -1.692392, 0.043588, 0.931225, -2.136998]
[-0.126846, 1.094294, -1.893616, 0.307443, 1.562733, -2.006041, -0.250044, 1.481012, -1.840279, -0.01427, 0.995279, -2.118937]
[-0.186004, 1.178391, -1.900097, 0.363259, 1.545268, -2.21201, -0.255426, 1.512651, -2.11678, -0.125742, 1.04177, -2.07865]
[-0.188029, 1.245273, -1.88056, 0.351841, 1.424659, -2.384989, -0.24142, 1.393386, -2.340303, -0.150056, 1.117329, -2.064441]
[-0.034025, 1.279034, -1.849575, 0.237806, 1.172438, -2.412946, -0.255584, 1.116907, -2.39744, -0.117003, 1.204681, -2.048127]
[0.028998, 1.280467, -1.807978, 0.055558, 0.838575, -2.198757, -0.251966, 0.799662, -2.322851, -0.118317, 1.262164, -2.007465]
[0.058304, 1.239769, -1.799875, -0.112017, 0.646537, -1.855331, -0.186495, 0.554116, -2.148294, -0.088479, 1.293424, -1.958722]
[-0.112112, 1.158241, -1.800745, -0.131287, 0.654492, -1.828336, -0.105884, 0.459239, -2.061158, -0.018815, 1.261125, -1.881099]
[-0.056556, 1.282467, -1.799246, -0.053491, 0.767439, -1.908361, -0.106681, 0.616353, -1.871919, 0.127109, 1.363794, -1.830788]
[-0.075577, 1.40443, -1.780242, -0.109327, 0.924624, -1.899842, -0.268204, 0.894596, -1.826562, 0.209943, 1.39781, -1.82829]
[-0.108161, 1.471913, -1.868815, -0.134077, 1.036409, -1.928327, -0.24592, 1.094226, -1.762877, 0.244163, 1.478647, -1.863645]
[-0.187087, 1.488444, -2.036686, -0.173465, 1.123572, -1.922553, -0.26419, 1.246055, -1.804601, 0.273473, 1.52845, -1.958929]
[-0.14375, 1.47307, -2.133918, -0.164606, 1.184313, -1.92782, -0.233535, 1.310536, -1.807317, 0.25602, 1.419043, -2.170677]
[-0.088407, 1.286122, -2.117999, -0.156728, 1.238914, -1.922294, -0.230123, 1.353495, -1.792204, 0.172329, 1.250822, -2.304568]
[-0.015949, 0.986781, -2.075065, -0.139857, 1.293102, -1.931815, -0.234209, 1.363858, -1.767356, 0.145451, 1.03288, -2.314922]
[0.012695, 0.788392, -1.971985, -0.143512, 1.346831, -1.952495, -0.243588, 1.379144, -1.76999, 0.141513, 0.892052, -2.246551]
[-0.069046, 0.696484, -1.817352, -0.193682, 1.358921, -1.990745, -0.252947, 1.362447, -1.758463, 0.113795, 0.860432, -2.187456]
[-0.114203, 0.718027, -1.738762, -0.239704, 1.36018, -1.98546, -0.274639, 1.33451, -1.703899, 0.066267, 0.876801, -2.117343]
[-0.148399, 0.780909, -1.690709, -0.239109, 1.379762, -1.911886, -0.275605, 1.356277, -1.641778, 0.113823, 1.005962, -2.071845]
[-0.217247, 0.844378, -1.64757, -0.212721, 1.413439, -1.865029, -0.270666, 1.340533, -1.645974, 0.232634, 1.13744, -2.020119]
[-0.226599, 0.897021, -1.631993, -0.122889, 1.392397, -1.93913, -0.265942, 1.325488, -1.813322, 0.179672, 1.187811, -1.969108]
[-0.247122, 1.005067, -1.549823, -0.063326, 1.325449, -2.143784, -0.286745, 1.288305, -2.03233, 0.129965, 1.200468, -1.927163]
[-0.109859, 1.141156, -1.624864, -0.121732, 1.128869, -2.218292, -0.243136, 1.309929, -2.110144, 0.190575, 1.26776, -1.907402]
[0.006017, 1.154501, -1.609852, -0.160116, 0.887691, -2.119544, -0.268965, 1.237473, -2.106152, 0.13479, 1.26245, -1.911982]
[0.020451, 1.204466, -1.705378, -0.142103, 0.685102, -1.967057, -0.262733, 0.898827, -2.182063, 0.173047, 1.257432, -1.912275]
[-0.039383, 1.259896, -1.769121, -0.202982, 0.744805, -2.076094, -0.318765, 0.658063, -2.033738, 0.182143, 1.314479, -1.862498]
[-0.142593, 1.302815, -1.767798, -0.307139, 0.785916, -2.06941, -0.321265, 0.641114, -1.816345, 0.272983, 1.45065, -1.717351]
[-0.173666, 1.322429, -1.718791, -0.306702, 0.810641, -2.002837, -0.338676, 0.707689, -1.825615, 0.311412, 1.561676, -1.667079]
[-0.208049, 1.372428, -1.670767, -0.282143, 0.849497, -1.926596, -0.327487, 0.783634, -1.835664, 0.296228, 1.567923, -1.726806]
[-0.256664, 1.469688, -1.743691, -0.233457, 0.932983, -1.85136, -0.302742, 0.851038, -1.834028, 0.291537, 1.543656, -1.844501]
[-0.308361, 1.533805, -1.905813, -0.178183, 1.031648, -1.816712, -0.220148, 0.940129, -1.814913, 0.300559, 1.534633, -2.022154]
[-0.361085, 1.416521, -2.113714, -0.095839, 1.118312, -1.812484, -0.080523, 1.043358, -1.823756, 0.298826, 1.471274, -2.233333]
[-0.382596, 1.087719, -2.284437, -0.05603, 1.198546, -1.799491, -0.009442, 1.146794, -1.838029, 0.300331, 1.248821, -2.395081]
[-0.377997, 0.713722, -2.22384, -0.057008, 1.257729, -1.771073, 0.014293, 1.245364, -1.838233, 0.289836, 0.907165, -2.430243]
[-0.35279, 0.426099, -1.981912, -0.101428, 1.292629, -1.72151, -0.007723, 1.324678, -1.82232, 0.247821, 0.602842, -2.339457]
[-0.255124, 0.295707, -1.768194, -0.162722, 1.319883, -1.694084, -0.080854, 1.377946, -1.796523, 0.237891, 0.42334, -2.216093]
[-0.248833, 0.362707, -1.898624, -0.151135, 1.401564, -1.732621, -0.133652, 1.378279, -1.764792, 0.245286, 0.411074, -2.119923]
[-0.25067, 0.463738, -1.983245, 0.109708, 1.459865, -1.754118, -0.144055, 1.406893, -1.716925, 0.22443, 0.588177, -2.080782]
[-0.314468, 0.601286, -2.011844, 0.289154, 1.500044, -1.79839, -0.187852, 1.496449, -1.684657, 0.237696, 0.81483, -2.035261]
[-0.36557, 0.75017, -1.970404, 0.199004, 1.516943, -1.903492, -0.228247, 1.640768, -1.733198, 0.288584, 0.960844, -1.981593]
[-0.351415, 0.868665, -1.870304, 0.060333, 1.445803, -1.999011, -0.22743, 1.790138, -1.875133, 0.290032, 1.064989, -1.940425]
[-0.271838, 0.934287, -1.730841, 0.054507, 1.248329, -2.03524, -0.206311, 1.866494, -2.076358, 0.256325, 1.137473, -1.922417]
[-0.166532, 1.018956, -1.575386, 0.205326, 0.953787, -2.02718, -0.243754, 1.695696, -2.258614, 0.255512, 1.240964, -1.975989]
[-0.072316, 1.098238, -1.495388, 0.337718, 0.639221, -1.959269, -0.245572, 1.206587, -2.332294, 0.265564, 1.316785, -2.023822]
[-0.030404, 1.15912, -1.556713, 0.353718, 0.42363, -1.840584, -0.270728, 0.837124, -2.189709, 0.274156, 1.328375, -2.020422]
[-0.076745, 1.228996, -1.668787, 0.301141, 0.352896, -1.690425, -0.27617, 0.631989, -2.036108, 0.257447, 1.287813, -1.975239]
[0.006047, 1.220712, -1.732591, 0.245109, 0.438487, -1.769572, -0.277646, 0.606928, -1.956422, 0.238917, 1.302136, -1.910005]
[-0.123996, 1.169643, -1.740641, 0.177156, 0.540773, -1.806023, -0.295482, 0.69278, -1.966479, 0.229932, 1.300075, -1.841396]
[-0.278002, 1.113102, -1.818171, 0.169396, 0.697054, -1.813511, -0.292473, 0.839383, -1.925443, 0.260603, 1.377412, -1.848062]
[-0.302374, 1.123419, -1.966208, 0.154988, 0.858777, -1.797683, -0.289448, 0.986077, -1.873649, 0.283801, 1.480189, -1.912513]
[-0.231365, 1.105248, -2.113918, 0.139359, 0.970587, -1.805392, -0.288958, 1.129938, -1.90128, 0.299752, 1.461723, -2.096935]
[-0.20674, 0.979833, -2.155246, 0.092631, 1.071991, -1.808552, -0.337178, 1.228092, -1.895012, 0.274798, 1.248869, -2.322591]
[-0.247812, 0.725517, -2.087729, 0.012783, 1.169584, -1.827238, -0.365224, 1.275069, -1.897029, 0.281234, 0.939965, -2.396557]
[-0.150592, 0.468926, -1.927141, -0.056555, 1.264376, -1.841225, -0.301508, 1.26585, -1.897351, 0.288678, 0.629245, -2.324598]
[-0.075367, 0.445831, -1.950519, -0.126935, 1.35595, -1.839595, -0.24216, 1.240521, -1.884785, 0.259822, 0.424094, -2.167982]
[-0.049831, 0.543056, -1.948825, -0.11187, 1.409875, -1.784958, -0.238472, 1.276922, -1.846096, 0.255684, 0.385666, -2.024325]
[-0.118262, 0.643788, -1.872069, 0.06819, 1.459878, -1.763856, -0.237482, 1.275295, -1.796968, 0.26513, 0.540265, -2.01419]
[-0.289724, 0.79819, -1.735257, 0.295056, 1.512322, -1.781872, -0.26609, 1.288556, -1.793447, 0.249814, 0.731716, -2.06941]
[-0.348814, 0.874474, -1.637697, 0.144487, 1.460701, -1.876545, -0.298866, 1.377895, -1.821441, 0.204673, 0.866521, -2.141316]
[-0.415532, 0.942676, -1.517638, 0.01443, 1.45068, -1.958225, -0.288814, 1.403491, -1.974664, 0.188556, 0.929906, -2.132735]
[-0.365675, 1.071206, -1.590958, -0.072895, 1.339398, -2.179667, -0.308991, 1.280394, -2.17177, 0.151736, 0.951285, -2.079666]
[-0.257238, 1.181775, -1.71557, -0.089215, 1.034257, -2.367684, -0.332564, 1.120653, -2.310306, 0.036728, 1.016023, -2.045956]
[-0.08789, 1.268049, -1.774793, -0.08852, 0.695976, -2.170091, -0.274861, 0.8062, -2.364827, 0.119713, 1.112106, -2.009486]
[-0.143327, 1.312628, -1.792141, -0.122003, 0.659217, -2.148516, -0.317049, 0.550713, -2.317, 0.214181, 1.153064, -1.971245]
[-0.264679, 1.357057, -1.819171, -0.181782, 0.754364, -2.240496, -0.325251, 0.492923, -2.065763, 0.265907, 1.280233, -1.91127]
[-0.317568, 1.371835, -1.80916, -0.220476, 0.811743, -2.253013, -0.331403, 0.54163, -1.951927, 0.262488, 1.462879, -1.819032]
[-0.271214, 1.409135, -1.74094, -0.211019, 0.841007, -2.226591, -0.31011, 0.566476, -1.915338, 0.255399, 1.531316, -1.784076]
[-0.269385, 1.448691, -1.764828, -0.211785, 0.901036, -2.158709, -0.300391, 0.70283, -1.898482, 0.284538, 1.501446, -1.822609]
[-0.282775, 1.433287, -1.883133, -0.191086, 0.982439, -2.066809, -0.285913, 0.880591, -1.900807, 0.291291, 1.46309, -1.95143]
[-0.312819, 1.386353, -2.070174, -0.124752, 1.076619, -1.987112, -0.238621, 1.01332, -1.928704, 0.302755, 1.448687, -2.13986]
[-0.350005, 1.206738, -2.220832, -0.02915, 1.1614, -1.944189, -0.13743, 1.126929, -1.930964, 0.299558, 1.340461, -2.318876]
[-0.377067, 0.909754, -2.225458, 0.020508, 1.221472, -1.91401, -0.049906, 1.229236, -1.920543, 0.281423, 1.074387, -2.412008]
[-0.379054, 0.583654, -2.060976, -0.002255, 1.246093, -1.849977, -0.023487, 1.320256, -1.89693, 0.255907, 0.746988, -2.380008]
[-0.360063, 0.355369, -1.83923, -0.078042, 1.245362, -1.745331, -0.073709, 1.383241, -1.849771, 0.231635, 0.500616, -2.279638]
[-0.328401, 0.324552, -1.766092, -0.151047, 1.330282, -1.730622, -0.158918, 1.39535, -1.771842, 0.216462, 0.424166, -2.201499]
[-0.288293, 0.409464, -1.80498, 0.009473, 1.433577, -1.719747, -0.206564, 1.446522, -1.769602, 0.042884, 0.515473, -2.114771]
[-0.309469, 0.611805, -1.839293, 0.337934, 1.531144, -1.749791, -0.269395, 1.536875, -1.773627, -0.221898, 0.716127, -1.987002]
[-0.330429, 0.844544, -1.857906, 0.402951, 1.567426, -1.849225, -0.293985, 1.612871, -1.744267, -0.255884, 0.894407, -1.860415]
[-0.2281, 0.993707, -1.89521, 0.397773, 1.586714, -2.03481, -0.26004, 1.625682, -1.741308, -0.21627, 1.015852, -1.92819]
[-0.13613, 1.07127, -1.911367, 0.361073, 1.545409, -2.258366, -0.271975, 1.602322, -2.001921, -0.164407, 1.129806, -1.974931]
[-0.167854, 1.133629, -1.881056, 0.352497, 1.363202, -2.431052, -0.315092, 1.453016, -2.268162, -0.19061, 1.201773, -1.959541]
[-0.17965, 1.212376, -1.840966, 0.395907, 0.987022, -2.457021, -0.280596, 1.15873, -2.363817, -0.218595, 1.22535, -1.885918]
[-0.078985, 1.294008, -1.820407, 0.3637, 0.60062, -2.277005, -0.233102, 0.812428, -2.324239, -0.190848, 1.206816, -1.768517]
[-0.026474, 1.332056, -1.782644, 0.23099, 0.463088, -2.107647, -0.271079, 0.578646, -2.203199, -0.193114, 1.221503, -1.720725]
[-0.116055, 1.317346, -1.737503, 0.065905, 0.543877, -2.238958, -0.301032, 0.595373, -2.03536, -0.019114, 1.253681, -1.754728]
[-0.220258, 1.371501, -1.748072, -0.115726, 0.739835, -2.263178, -0.32943, 0.827216, -1.829475, 0.255297, 1.355261, -1.788618]
[-0.24158, 1.469756, -1.776388, -0.159254, 1.011853, -2.169814, -0.308891, 1.093305, -1.750613, 0.348445, 1.483472, -1.809868]
[-0.279012, 1.507509, -1.84836, -0.023087, 1.245284, -2.03149, -0.309939, 1.28444, -1.75043, 0.315685, 1.530592, -1.896871]
[-0.33938, 1.51503, -1.99953, 0.055553, 1.372458, -1.874437, -0.344657, 1.380625, -1.683665, 0.309193, 1.712334, -1.910325]
[-0.368401, 1.485089, -2.068122, 0.039715, 1.378305, -1.712864, -0.372123, 1.371098, -1.537231, 0.282425, 1.601507, -2.046175]
[-0.389148, 1.232752, -2.049674, -0.023223, 1.339514, -1.500668, -0.404103, 1.410113, -1.429178, 0.287142, 1.407212, -2.264953]
[-0.358151, 0.722427, -1.939798, -0.142997, 1.416236, -1.434391, -0.353772, 1.492737, -1.407722, 0.303034, 1.169116, -2.346655]
[-0.33521, 0.395188, -1.798798, -0.012577, 1.56561, -1.510951, -0.305423, 1.5849, -1.392719, 0.272796, 0.974533, -2.2792]
[-0.353779, 0.367946, -1.684884, 0.243992, 1.654351, -1.647173, -0.323998, 1.621593, -1.358748, 0.216819, 0.889044, -2.077255]
[-0.366164, 0.530768, -1.595293, 0.253105, 1.652751, -1.718144, -0.38373, 1.689624, -1.415042, 0.091313, 0.940156, -1.953943]
[-0.407554, 0.67481, -1.577153, 0.032992, 1.59248, -1.696693, -0.445435, 1.704201, -1.548918, -0.033407, 0.974409, -1.95393]
[-0.421267, 0.770897, -1.743204, 0.040355, 1.548188, -1.704215, -0.344183, 1.67144, -1.724149, -0.034787, 1.026001, -1.986908]
[-0.454327, 0.875392, -1.827552, 0.210305, 1.562273, -1.897448, -0.283181, 1.652185, -1.917746, -0.034731, 1.115716, -2.035646]
[-0.52355, 0.987276, -1.843152, 0.304039, 1.576563, -2.083825, -0.204117, 1.599199, -2.142465, -0.071635, 1.205118, -2.053786]
[-0.535483, 1.080748, -1.830757, 0.322528, 1.470427, -2.210522, -0.181743, 1.471479, -2.34669, -0.081924, 1.315867, -2.059128]
[-0.488469, 1.140841, -1.794477, 0.327234, 1.209908, -2.332245, -0.224054, 1.271524, -2.433305, -0.059163, 1.42387, -2.046326]
[-0.37004, 1.150876, -1.693716, 0.306106, 0.866431, -2.317728, -0.234792, 1.038259, -2.371408, -0.000136, 1.530502, -2.016517]
[-0.134197, 1.180796, -1.678346, 0.340788, 0.593882, -2.109102, -0.208355, 0.81272, -2.220244, 0.093151, 1.571101, -1.950456]
[-0.165954, 1.316303, -1.709256, 0.276132, 0.666787, -2.223288, -0.355722, 0.770008, -2.122931, 0.189103, 1.470067, -1.905574]
[-0.325276, 1.487995, -1.700255, 0.125666, 0.834723, -2.250598, -0.354162, 0.89878, -1.988223, 0.268199, 1.489447, -1.84695]
[-0.36381, 1.54904, -1.558248, -0.034064, 1.044976, -2.180788, -0.311512, 1.111787, -1.882251, 0.258767, 1.547568, -1.810578]
[-0.279833, 1.543437, -1.487427, -0.07868, 1.252917, -2.050549, -0.411382, 1.33223, -1.929739, 0.273423, 1.564904, -1.842696]
[-0.299093, 1.558298, -1.645513, -0.010858, 1.388664, -1.931286, -0.43785, 1.443923, -1.876485, 0.298136, 1.671035, -1.873961]
[-0.363493, 1.528453, -1.890104, 0.025247, 1.462653, -1.806809, -0.426793, 1.479173, -1.740756, 0.314591, 1.648968, -1.912368]
[-0.378027, 1.302274, -1.974175, 0.030231, 1.486556, -1.640495, -0.390254, 1.513723, -1.582899, 0.306191, 1.446663, -2.131646]
[-0.368919, 0.875361, -1.915512, -0.042792, 1.552652, -1.479443, -0.326158, 1.59435, -1.483134, 0.307646, 1.186781, -2.306553]
[-0.345558, 0.483174, -1.808187, 0.072586, 1.643507, -1.523465, -0.29433, 1.651695, -1.432372, 0.319101, 0.978752, -2.30159]
[-0.343897, 0.346349, -1.692885, 0.286006, 1.689239, -1.650543, -0.309661, 1.690198, -1.397352, 0.295049, 0.878804, -2.209007]
[-0.319143, 0.42519, -1.62136, 0.32768, 1.671061, -1.722392, -0.357231, 1.743374, -1.344134, 0.2686, 0.943817, -2.183786]
[-0.320835, 0.696993, -1.605721, 0.251408, 1.608195, -1.68987, -0.382328, 1.749991, -1.280793, 0.183447, 1.020827, -2.235914]
[-0.43564, 0.914885, -1.736715, 0.295239, 1.581434, -1.71353, -0.354959, 1.728412, -1.281446, 0.043795, 1.061018, -2.236229]
[-0.496481, 1.014835, -1.829106, 0.337785, 1.596105, -1.864276, -0.315809, 1.71899, -1.493149, -0.028043, 1.197867, -2.27383]
[-0.492465, 1.081172, -1.837244, 0.357677, 1.599343, -2.093862, -0.289125, 1.687329, -1.852188, -0.094192, 1.38648, -2.309387]
[-0.450814, 1.164815, -1.792738, 0.376, 1.525204, -2.3253, -0.250472, 1.576778, -2.182385, -0.14241, 1.551181, -2.298147]
[-0.396089, 1.259434, -1.773621, 0.39678, 1.313578, -2.445489, -0.272409, 1.395044, -2.35744, -0.167769, 1.62902, -2.223853]
[-0.317794, 1.331561, -1.778918, 0.414261, 0.903748, -2.382059, -0.287787, 1.154538, -2.360055, -0.068883, 1.660566, -2.114027]
[-0.305178, 1.374177, -1.784745, 0.358744, 0.617929, -2.089787, -0.278587, 0.877808, -2.251628, 0.093752, 1.657478, -1.977227]
[-0.322796, 1.397639, -1.735292, 0.338327, 0.692, -2.235123, -0.272233, 0.759845, -2.161524, 0.203555, 1.628921, -1.89849]
[-0.333734, 1.496249, -1.721815, 0.290105, 0.781553, -2.298526, -0.288574, 0.857115, -2.0901, 0.290852, 1.652116, -1.84463]
[-0.334325, 1.566431, -1.714648, 0.30029, 0.966474, -2.293304, -0.303223, 1.028839, -2.097918, 0.311718, 1.68624, -1.803737]
[-0.338958, 1.605385, -1.682329, 0.327962, 1.150322, -2.253491, -0.331385, 1.152382, -2.142347, 0.292434, 1.745263, -1.775794]
[-0.354623, 1.625309, -1.777209, 0.274282, 1.307658, -2.177881, -0.382797, 1.286809, -2.152718, 0.278897, 1.703982, -1.910896]
[-0.354602, 1.589578, -2.036725, 0.147126, 1.453439, -2.080422, -0.461252, 1.418591, -2.121395, 0.27764, 1.607841, -2.157872]
[-0.353378, 1.377663, -2.246609, 0.083873, 1.577786, -1.956734, -0.467849, 1.482415, -2.018171, 0.300183, 1.469108, -2.366639]
[-0.357805, 1.065814, -2.274614, 0.174523, 1.65708, -1.821341, -0.368478, 1.457424, -1.84068, 0.309582, 1.2554, -2.441891]
[-0.368661, 0.74029, -2.120612, 0.136518, 1.719579, -1.810794, -0.326241, 1.456656, -1.602135, 0.290745, 1.021451, -2.373924]
[-0.340242, 0.588494, -1.888588, 0.040328, 1.744105, -1.771465, -0.33505, 1.463846, -1.473756, 0.251971, 0.831483, -2.253111]
[-0.378916, 0.698317, -1.840954, -0.053657, 1.75487, -1.625925, -0.361464, 1.503564, -1.407901, 0.159845, 0.840872, -2.180051]
[-0.402462, 0.882567, -1.859339, 0.093366, 1.672697, -1.593357, -0.34642, 1.560419, -1.501938, 0.099317, 0.992369, -2.210694]
[-0.437083, 1.102541, -1.914326, 0.309064, 1.605675, -1.662476, -0.372667, 1.597504, -1.58304, -0.04405, 1.100922, -2.185546]
[-0.403675, 1.328169, -1.878349, 0.363672, 1.602258, -1.815849, -0.366959, 1.622867, -1.672111, -0.114458, 1.230021, -2.166646]
[-0.361464, 1.443773, -1.813536, 0.363845, 1.596912, -2.039549, -0.333284, 1.618876, -1.883352, -0.161677, 1.352815, -2.142669]
[-0.320125, 1.482262, -1.752606, 0.399755, 1.551882, -2.257682, -0.243333, 1.539847, -2.146502, -0.162232, 1.452306, -2.109708]
[-0.217563, 1.482934, -1.695199, 0.417578, 1.367931, -2.403723, -0.203501, 1.380997, -2.322375, -0.047535, 1.473622, -2.047921]
[-0.143642, 1.453084, -1.665216, 0.369799, 0.992764, -2.331347, -0.183314, 1.13483, -2.324622, 0.067989, 1.445368, -1.970927]
[-0.055969, 1.461075, -1.668573, 0.243275, 0.753932, -2.040304, -0.102822, 0.826894, -2.208546, 0.125965, 1.414657, -1.857099]
[-0.110357, 1.514031, -1.729299, 0.222475, 0.788724, -2.067952, -0.131382, 0.687227, -2.027393, 0.192767, 1.458886, -1.828506]
[-0.253102, 1.559924, -1.763464, 0.260701, 0.885368, -2.125634, -0.120575, 0.740899, -1.850321, 0.267596, 1.563961, -1.779885]
[-0.306007, 1.568084, -1.757394, 0.363008, 1.049317, -2.12766, -0.079442, 0.870201, -1.9405, 0.289234, 1.576992, -1.666798]
[-0.324592, 1.561262, -1.78657, 0.404489, 1.197604, -2.113959, -0.084252, 0.992035, -2.022394, 0.278841, 1.623185, -1.610761]
[-0.317856, 1.569735, -1.910866, 0.373148, 1.266358, -2.116055, -0.115054, 1.060886, -2.040112, 0.252893, 1.596812, -1.640529]
[-0.310652, 1.574576, -2.093952, 0.311324, 1.293236, -2.116096, -0.128499, 1.117075, -2.024802, 0.266699, 1.477746, -1.87593]
[-0.333697, 1.478507, -2.270386, 0.26819, 1.321498, -2.074518, -0.121666, 1.198678, -2.005982, 0.288673, 1.300335, -2.130075]
[-0.371543, 1.260728, -2.355173, 0.198222, 1.37423, -2.018799, -0.135952, 1.278718, -1.979276, 0.279857, 1.026742, -2.285334]
[-0.366256, 1.005458, -2.299125, 0.063654, 1.447962, -1.972702, -0.209098, 1.327711, -1.935574, 0.276487, 0.710716, -2.296991]
[-0.334528, 0.828381, -2.118111, -0.02089, 1.494596, -1.926061, -0.289457, 1.323309, -1.855765, 0.274365, 0.483523, -2.218848]
[-0.29763, 0.798785, -1.884408, -0.069111, 1.540465, -1.882276, -0.347294, 1.289442, -1.745682, 0.262403, 0.448744, -2.115267]
[-0.282866, 0.862668, -1.80648, -0.070881, 1.579129, -1.834946, -0.318798, 1.25029, -1.625663, 0.251104, 0.577018, -2.053648]
[-0.284162, 0.891627, -1.678463, -0.08015, 1.57424, -1.750689, -0.267038, 1.225122, -1.659932, 0.225522, 0.758189, -2.024219]
[-0.307482, 0.924402, -1.607292, 0.026919, 1.542918, -1.823914, -0.259386, 1.204469, -1.80483, 0.112875, 0.915508, -1.99587]
[-0.285365, 1.012774, -1.605198, 0.011766, 1.533239, -2.036284, -0.285349, 1.200677, -1.937389, 0.03042, 1.006172, -1.996234]
[-0.120856, 1.128312, -1.656621, -0.114164, 1.371294, -2.253308, -0.267499, 1.139898, -2.084252, 0.043866, 1.093781, -2.008204]
[-0.052093, 1.191317, -1.663505, -0.10181, 1.132809, -2.387998, -0.263856, 0.997246, -2.201438, 0.032521, 1.177004, -2.0076]
[0.020674, 1.226741, -1.703679, -0.085209, 0.868682, -2.190083, -0.264814, 0.781444, -2.287292, 0.134675, 1.237085, -1.979565]
[-0.124607, 1.204146, -1.777996, -0.159504, 0.807731, -2.095334, -0.298041, 0.566713, -2.291137, 0.254381, 1.23254, -1.949227]
[-0.218419, 1.206316, -1.817073, -0.179564, 0.918544, -2.191131, -0.217778, 0.502758, -2.143686, 0.272739, 1.235823, -1.886041]
[-0.199626, 1.263064, -1.793173, -0.217028, 1.020159, -2.165322, -0.240541, 0.611335, -2.03648, 0.198512, 1.316689, -1.832105]
[-0.198224, 1.347654, -1.701127, -0.204305, 1.109636, -2.07641, -0.266933, 0.740809, -2.106832, 0.226195, 1.420861, -1.803958]
[-0.215797, 1.411462, -1.709993, -0.17289, 1.179464, -2.007787, -0.24621, 0.865748, -2.151319, 0.293958, 1.422401, -1.722682]
[-0.283536, 1.436171, -1.826353, -0.124907, 1.212623, -1.975153, -0.16586, 0.947276, -2.136868, 0.361638, 1.390399, -1.675153]
[-0.332285, 1.39163, -2.002738, -0.104374, 1.207642, -1.956078, -0.088743, 0.979979, -2.079893, 0.326333, 1.311019, -1.865677]
[-0.35415, 1.23964, -2.164631, -0.111569, 1.209061, -1.916573, -0.034235, 1.043517, -2.040589, 0.276555, 1.19038, -2.186526]
[-0.341384, 1.004222, -2.231171, -0.167277, 1.215022, -1.849831, -0.044271, 1.122652, -2.011391, 0.278552, 0.992069, -2.380743]
[-0.317385, 0.733673, -2.105107, -0.240876, 1.21696, -1.764437, -0.103655, 1.176503, -1.961826, 0.297975, 0.720734, -2.39057]
[-0.277845, 0.462998, -1.876292, -0.243089, 1.240054, -1.760183, -0.180182, 1.197687, -1.893288, 0.312191, 0.483, -2.289177]
[-0.156627, 0.337583, -1.718061, -0.140417, 1.282562, -1.791612, -0.231406, 1.212392, -1.839154, 0.31192, 0.383278, -2.196098]
[-0.119907, 0.418187, -1.62294, -0.114105, 1.241017, -1.783185, -0.294088, 1.253476, -1.799307, 0.245583, 0.431338, -2.126085]
[-0.123989, 0.557013, -1.722013, 0.014111, 1.239515, -1.784221, -0.306135, 1.273117, -1.762504, 0.28218, 0.610096, -2.075831]
[-0.1182, 0.696926, -1.841579, 0.244173, 1.272768, -1.828149, -0.299062, 1.322194, -1.768377, 0.273888, 0.808982, -2.003481]
[-0.033925, 0.825469, -1.849561, 0.246371, 1.259039, -1.97659, -0.267147, 1.329857, -1.886631, 0.29073, 0.967768, -1.945848]
[0.062476, 0.945094, -1.779162, 0.223886, 1.186906, -2.105098, -0.275911, 1.258911, -2.097513, 0.335646, 1.167049, -2.014131]
[0.017925, 1.033183, -1.745231, 0.272344, 1.004396, -2.199681, -0.278328, 1.144995, -2.303888, 0.319809, 1.299298, -2.055621]
[-0.04889, 1.117255, -1.759376, 0.347413, 0.74173, -2.180502, -0.295386, 0.940564, -2.381692, 0.185562, 1.345136, -2.008563]
[-0.057621, 1.191172, -1.815583, 0.415115, 0.477761, -1.96875, -0.264735, 0.678055, -2.319802, -0.043249, 1.357669, -1.949492]
[-0.030187, 1.225162, -1.835976, 0.43521, 0.345073, -1.798956, -0.229461, 0.486421, -2.198516, -0.047228, 1.363945, -1.884145]
[-0.194387, 1.191796, -1.828244, 0.40508, 0.421242, -2.007189, -0.278417, 0.425112, -2.099785, 0.186944, 1.300971, -1.85365]
[-0.296243, 1.147266, -1.806271, 0.336492, 0.527244, -2.111378, -0.284156, 0.489889, -1.970671, 0.254475, 1.287576, -1.813393]
[-0.295952, 1.131568, -1.808012, 0.298544, 0.669488, -2.157458, -0.281418, 0.659957, -1.884613, 0.262925, 1.355889, -1.801707]
[-0.256078, 1.142498, -1.881815, 0.273509, 0.838169, -2.137813, -0.300735, 0.838703, -1.760331, 0.255273, 1.488153, -1.842223]
[-0.221917, 1.16273, -2.039959, 0.226696, 0.974137, -2.066657, -0.296899, 1.004473, -1.63778, 0.242055, 1.613701, -1.951359]
[-0.248847, 1.107219, -2.164035, 0.1204, 1.050171, -1.985451, -0.288382, 1.130132, -1.647968, 0.228948, 1.623262, -2.136633]
[-0.25738, 0.908507, -2.139633, -0.010663, 1.116945, -1.92385, -0.316193, 1.256219, -1.696885, 0.265414, 1.344734, -2.346755]
[-0.276654, 0.618445, -2.019383, -0.083516, 1.16446, -1.909265, -0.355081, 1.337488, -1.72951, 0.253759, 0.97266, -2.381308]
[-0.299385, 0.380273, -1.898034, -0.126268, 1.220023, -1.914837, -0.39012, 1.387828, -1.719123, 0.248575, 0.643744, -2.275585]
[-0.281153, 0.332599, -1.769964, -0.12003, 1.286032, -1.910011, -0.386745, 1.416556, -1.718287, 0.214547, 0.466592, -2.133843]
[-0.211127, 0.450056, -1.825567, 0.002714, 1.391323, -1.836817, -0.318894, 1.447579, -1.697541, 0.22983, 0.456052, -2.075431]
[-0.188352, 0.56815, -1.866151, 0.182856, 1.458799, -1.778893, -0.284983, 1.484184, -1.651796, 0.258831, 0.580595, -2.059814]
[-0.217637, 0.7283, -1.899943, 0.279091, 1.504065, -1.814024, -0.30515, 1.547815, -1.63916, 0.27753, 0.759134, -2.021901]
[-0.224268, 0.848557, -1.913188, 0.252907, 1.545505, -1.930334, -0.323084, 1.59353, -1.707287, 0.304101, 0.897917, -2.03777]
[-0.198984, 0.939585, -1.915186, 0.098173, 1.491426, -2.123426, -0.339566, 1.563329, -1.87516, 0.337729, 0.986305, -2.065154]
[-0.141925, 1.036539, -1.924825, 0.011871, 1.280377, -2.307778, -0.348807, 1.362036, -2.125552, 0.368738, 1.055898, -2.05961]
[-0.112561, 1.112538, -1.961657, -0.02339, 0.934185, -2.285479, -0.316692, 1.063497, -2.30152, 0.308585, 1.146205, -2.046387]
[-0.039415, 1.165863, -1.983782, 0.029183, 0.732849, -2.175955, -0.25337, 0.771619, -2.313849, 0.114454, 1.196427, -1.997952]
[0.011928, 1.220868, -1.936261, 0.086008, 0.875291, -2.227795, -0.294737, 0.614621, -2.16055, 0.138522, 1.208121, -1.936038]
[-0.108909, 1.267207, -1.842574, -0.013688, 0.960032, -2.181809, -0.356271, 0.649736, -1.903673, 0.197001, 1.288662, -1.845182]
[-0.133488, 1.305373, -1.792567, -0.024771, 1.034352, -2.054084, -0.316703, 0.823045, -1.885943, 0.247912, 1.396253, -1.831137]
[-0.147805, 1.31253, -1.757468, 0.022588, 1.083737, -1.890061, -0.285886, 0.980415, -1.946299, 0.211138, 1.477224, -1.823573]
[-0.176268, 1.328331, -1.756506, 0.049078, 1.100984, -1.710083, -0.27088, 1.143289, -1.99835, 0.208704, 1.530657, -1.798816]
[-0.17431, 1.420255, -1.874435, 0.030444, 1.093053, -1.58447, -0.262931, 1.255383, -2.006129, 0.237849, 1.536888, -1.846058]
[-0.245549, 1.455246, -1.998335, -0.028683, 1.087182, -1.484767, -0.314905, 1.278364, -1.948872, 0.227911, 1.470556, -2.061151]
[-0.267164, 1.295507, -2.091942, -0.099535, 1.123039, -1.416201, -0.316545, 1.266974, -1.889441, 0.293948, 1.27218, -2.312552]
[-0.193789, 1.009948, -2.037786, -0.175464, 1.193522, -1.407725, -0.310364, 1.247638, -1.81629, 0.325148, 0.962362, -2.406206]
[-0.088634, 0.699443, -1.876162, -0.05898, 1.263276, -1.580242, -0.268196, 1.254304, -1.775324, 0.318667, 0.648008, -2.341117]
[-0.040716, 0.463774, -1.734076, 0.084006, 1.377963, -1.737433, -0.314872, 1.303079, -1.687276, 0.227696, 0.456273, -2.212545]
[-0.00729, 0.472835, -1.666062, 0.018666, 1.367065, -1.750795, -0.326922, 1.322086, -1.62219, 0.105535, 0.475719, -2.125293]
[0.149697, 0.612352, -1.591403, -0.117667, 1.201582, -1.755489, -0.32387, 1.333257, -1.634147, 0.130791, 0.58855, -2.081343]
[0.205095, 0.746926, -1.779158, -0.22599, 1.155905, -1.801138, -0.349427, 1.314819, -1.68504, 0.147771, 0.73107, -2.046655]
[0.204917, 0.865518, -1.886669, -0.133733, 1.312928, -1.897963, -0.357307, 1.308557, -1.817085, 0.094573, 0.890623, -2.170555]
[0.114705, 0.978064, -1.957713, 0.222146, 1.417339, -2.080428, -0.324855, 1.292823, -2.05155, -0.033599, 1.042583, -2.277966]
[-0.024796, 1.065609, -1.947961, 0.388136, 1.383062, -2.320211, -0.256351, 1.304339, -2.29084, -0.166808, 1.157572, -2.304575]
[-0.019734, 1.130712, -1.925271, 0.429582, 1.078339, -2.427767, -0.236927, 1.233684, -2.421803, -0.204796, 1.22608, -2.266356]
[0.068111, 1.175152, -1.922359, 0.402517, 0.690446, -2.243969, -0.237243, 0.9941, -2.389563, -0.200753, 1.227628, -2.16909]
[0.04652, 1.193188, -1.9056, 0.376506, 0.534823, -2.109611, -0.208382, 0.71097, -2.255543, -0.180995, 1.206415, -2.06306]
[-0.032181, 1.303671, -1.88376, 0.252853, 0.608446, -2.229273, -0.289527, 0.652815, -1.982263, 0.084079, 1.316636, -1.971112]
[0.004873, 1.469104, -1.844618, -0.051816, 0.697082, -2.242602, -0.357681, 0.806522, -1.75487, 0.299047, 1.494769, -1.888664]
[-0.050964, 1.524506, -1.797021, -0.241783, 0.872652, -2.144591, -0.412572, 1.025401, -1.704863, 0.340588, 1.586057, -1.842403]
[-0.215384, 1.52999, -1.833189, -0.186423, 1.052087, -2.018199, -0.446928, 1.204728, -1.691312, 0.330969, 1.606088, -1.87612]
[-0.311481, 1.526477, -1.948227, -0.095611, 1.169944, -1.856058, -0.391482, 1.301414, -1.568103, 0.303123, 1.577912, -1.903974]
[-0.367654, 1.415648, -2.126534, -0.033806, 1.226663, -1.723889, -0.327213, 1.303877, -1.453392, 0.27323, 1.55625, -1.984516]
[-0.363009, 1.181132, -2.144738, -0.008062, 1.275377, -1.524712, -0.360051, 1.404926, -1.376633, 0.252492, 1.461076, -2.193553]
[-0.350273, 0.861579, -2.039931, -0.056947, 1.328282, -1.398145, -0.387774, 1.456006, -1.342415, 0.282472, 1.262634, -2.352617]
[-0.334898, 0.518364, -1.898136, -0.111623, 1.456109, -1.409314, -0.337367, 1.50056, -1.361355, 0.28983, 1.050479, -2.323856]
[-0.346444, 0.360074, -1.755874, 0.079703, 1.582063, -1.570082, -0.295933, 1.549106, -1.371842, 0.180524, 0.89469, -2.078876]
[-0.397529, 0.432997, -1.654475, 0.14188, 1.614369, -1.718136, -0.365044, 1.577734, -1.351745, 0.074937, 0.96751, -2.099716]
[-0.36875, 0.588259, -1.59862, -0.073374, 1.559143, -1.744589, -0.355483, 1.591694, -1.473806, -0.047632, 0.938127, -2.046128]
[-0.421869, 0.674017, -1.805763, -0.092792, 1.53476, -1.748143, -0.225663, 1.574514, -1.630485, -0.069208, 0.935794, -2.011978]
[-0.431767, 0.783383, -1.90746, 0.116016, 1.541593, -1.850057, -0.209645, 1.573377, -1.772362, -0.060408, 1.025429, -2.042944]
[-0.476248, 0.90555, -1.928584, 0.3169, 1.572265, -2.040838, -0.231493, 1.573301, -1.983784, -0.079216, 1.147465, -2.071617]
[-0.487574, 1.005318, -1.88675, 0.355486, 1.550729, -2.243253, -0.214393, 1.521033, -2.224742, -0.076949, 1.254958, -2.057462]
[-0.451338, 1.082986, -1.853157, 0.384642, 1.385722, -2.410496, -0.241262, 1.377897, -2.394921, -0.060747, 1.337333, -2.011846]
[-0.350712, 1.12334, -1.814789, 0.368377, 1.091516, -2.431719, -0.256968, 1.089446, -2.416411, -0.032257, 1.409413, -1.953232]
[-0.240024, 1.131293, -1.748387, 0.291459, 0.721584, -2.303897, -0.261295, 0.756005, -2.307746, -0.0014, 1.459015, -1.888877]
[-0.243283, 1.195755, -1.746606, 0.127488, 0.520851, -2.056927, -0.290967, 0.559716, -2.12412, 0.115569, 1.416462, -1.855153]
[-0.322885, 1.314521, -1.7285, -0.037745, 0.643814, -2.168138, -0.337034, 0.617921, -1.931578, 0.234414, 1.376005, -1.858602]
[-0.217418, 1.452218, -1.692405, -0.175434, 0.876798, -2.145451, -0.33547, 0.883823, -1.858589, 0.278552, 1.446664, -1.822702]
[-0.181021, 1.484573, -1.605624, -0.142125, 1.103277, -2.029065, -0.377489, 1.122242, -1.943072, 0.321947, 1.586262, -1.819068]
[-0.266291, 1.516131, -1.616883, -0.02328, 1.264303, -1.967339, -0.309677, 1.263241, -1.926479, 0.433322, 1.737512, -1.758693]
[-0.380836, 1.470364, -1.747465, 0.026407, 1.338212, -1.84691, -0.302017, 1.306901, -1.832262, 0.369857, 1.739228, -1.822027]
[-0.362472, 1.227007, -1.866026, -0.012126, 1.321821, -1.640929, -0.363221, 1.285253, -1.66638, 0.288565, 1.581307, -2.069304]
[-0.34901, 0.878828, -1.93408, -0.0962, 1.298342, -1.456969, -0.411785, 1.296633, -1.530736, 0.306745, 1.371989, -2.289182]
[-0.342564, 0.547306, -1.890486, -0.162785, 1.409394, -1.496983, -0.35468, 1.410345, -1.46683, 0.322443, 1.129891, -2.336774]
[-0.340555, 0.367114, -1.780364, 0.068045, 1.572218, -1.607406, -0.295198, 1.544176, -1.416767, 0.302763, 0.942726, -2.208386]
[-0.354994, 0.419205, -1.671402, 0.294327, 1.649434, -1.704922, -0.32266, 1.595931, -1.400734, 0.240002, 0.876038, -1.976228]
[-0.409349, 0.576415, -1.66129, 0.185427, 1.636591, -1.719815, -0.355943, 1.588538, -1.467881, 0.092187, 0.968315, -1.897643]
[-0.440692, 0.687092, -1.721309, 0.183254, 1.565699, -1.715056, -0.340921, 1.609352, -1.5503, 0.040285, 1.12217, -1.987715]
[-0.485229, 0.849463, -1.735576, 0.280556, 1.550496, -1.778861, -0.342307, 1.626901, -1.679471, -0.003587, 1.293537, -2.053679]
[-0.523053, 0.994303, -1.735917, 0.344307, 1.577521, -1.917411, -0.288358, 1.622143, -1.885169, -0.063411, 1.432056, -2.064086]
[-0.523731, 1.080401, -1.705358, 0.366027, 1.57557, -2.164169, -0.230348, 1.594912, -2.126408, -0.095964, 1.569191, -2.042713]
[-0.489657, 1.14633, -1.620649, 0.403251, 1.389101, -2.389001, -0.235472, 1.492079, -2.335518, -0.082927, 1.695754, -1.991347]
[-0.401705, 1.21894, -1.574017, 0.41761, 0.987868, -2.4428, -0.264266, 1.274527, -2.41726, 0.008882, 1.754133, -1.93978]
[-0.324895, 1.275533, -1.663322, 0.395758, 0.597667, -2.197437, -0.23654, 0.977776, -2.341196, 0.118265, 1.749967, -1.887745]
[-0.3285, 1.387337, -1.773927, 0.373076, 0.650501, -2.356867, -0.276757, 0.774109, -2.192896, 0.238093, 1.646292, -1.883416]
[-0.337427, 1.520967, -1.763581, 0.335384, 0.768902, -2.431781, -0.278923, 0.764522, -2.096671, 0.267977, 1.657704, -1.853909]
[-0.352762, 1.593982, -1.737577, 0.321169, 0.919229, -2.430856, -0.284952, 0.895608, -2.116172, 0.273461, 1.730458, -1.806844]
[-0.339822, 1.644313, -1.683408, 0.350286, 1.062742, -2.374868, -0.286923, 1.037778, -2.190477, 0.285488, 1.754248, -1.70606]
[-0.356237, 1.649319, -1.659729, 0.299761, 1.221696, -2.275985, -0.322673, 1.192992, -2.217975, 0.272456, 1.77561, -1.701698]
[-0.355255, 1.640834, -1.837292, 0.240755, 1.396064, -2.132528, -0.356773, 1.322331, -2.199749, 0.275827, 1.721953, -1.954111]
[-0.348443, 1.550201, -2.082037, 0.140352, 1.570168, -1.95311, -0.385806, 1.423649, -2.141775, 0.286372, 1.596773, -2.231573]
[-0.354378, 1.338983, -2.20561, 0.144793, 1.668946, -1.827612, -0.323522, 1.463441, -2.032944, 0.302775, 1.408088, -2.407105]
[-0.359295, 1.037258, -2.132613, 0.150386, 1.726094, -1.782605, -0.257556, 1.458033, -1.890124, 0.295543, 1.164992, -2.422644]
[-0.324673, 0.730174, -1.94889, 0.069429, 1.714504, -1.761987, -0.234082, 1.430975, -1.730097, 0.287138, 0.929989, -2.32576]
[-0.276737, 0.573099, -1.763478, 0.013875, 1.730472, -1.6578, -0.265546, 1.448707, -1.58567, 0.217115, 0.815171, -2.205378]
[-0.176524, 0.610475, -1.70636, 0.063475, 1.699833, -1.504381, -0.248939, 1.499782, -1.593304, 0.169268, 0.928584, -2.230711]
[-0.282671, 0.788069, -1.754816, 0.240681, 1.625126, -1.571803, -0.318512, 1.547947, -1.598208, 0.051809, 1.060235, -2.238019]
[-0.36965, 1.116865, -1.810926, 0.330284, 1.579692, -1.735289, -0.304762, 1.578832, -1.601932, -0.106379, 1.198009, -2.22576]
[-0.381568, 1.286831, -1.789364, 0.366562, 1.586329, -1.906422, -0.307284, 1.605076, -1.671007, -0.193768, 1.305876, -2.195756]
[-0.380356, 1.329589, -1.735145, 0.381466, 1.587335, -2.117582, -0.263832, 1.594068, -1.938364, -0.216762, 1.412305, -2.166747]
[-0.320473, 1.357494, -1.721321, 0.395706, 1.494334, -2.322511, -0.22779, 1.493453, -2.215142, -0.162165, 1.500752, -2.129684]
[-0.310322, 1.340271, -1.715311, 0.377931, 1.174941, -2.40064, -0.212687, 1.310095, -2.348276, -0.063352, 1.534559, -2.065039]
[-0.267076, 1.329361, -1.730007, 0.28313, 0.740115, -2.215117, -0.189353, 0.981512, -2.254825, -0.043761, 1.523832, -1.984463]
[-0.228972, 1.370582, -1.747393, 0.267225, 0.614414, -2.18113, -0.088752, 0.674735, -2.043078, -0.01073, 1.475928, -1.904289]
[-0.265027, 1.459496, -1.759919, 0.202977, 0.694888, -2.257972, -0.115257, 0.62231, -1.958376, 0.174887, 1.508958, -1.867035]
[-0.312157, 1.523141, -1.705815, 0.208841, 0.865183, -2.260191, -0.167991, 0.766342, -2.062379, 0.288604, 1.582776, -1.801108]
[-0.322138, 1.576173, -1.632443, 0.272612, 1.087039, -2.20871, -0.1974, 0.918431, -2.181297, 0.315794, 1.611076, -1.703511]
[-0.342123, 1.607974, -1.603771, 0.260379, 1.268353, -2.130609, -0.240612, 1.084771, -2.253188, 0.296561, 1.705677, -1.722602]
[-0.347494, 1.628623, -1.770459, 0.220172, 1.420505, -2.040024, -0.258137, 1.244961, -2.281689, 0.304608, 1.676203, -1.895201]
[-0.363725, 1.546803, -2.048215, 0.128467, 1.541281, -1.956074, -0.283303, 1.401969, -2.28016, 0.276716, 1.595418, -2.12509]
[-0.352824, 1.303253, -2.231701, 0.080658, 1.610191, -1.875291, -0.291803, 1.509617, -2.226012, 0.30036, 1.448476, -2.328574]
[-0.342443, 0.970541, -2.255465, 0.168411, 1.66113, -1.806163, -0.240062, 1.50858, -2.103783, 0.308881, 1.20951, -2.407082]
[-0.317029, 0.671346, -2.146454, 0.189348, 1.698857, -1.802273, -0.210843, 1.455357, -1.948537, 0.297753, 0.97196, -2.33979]
[-0.326853, 0.500876, -1.911356, 0.106956, 1.727521, -1.742559, -0.269353, 1.452873, -1.773464, 0.221092, 0.847768, -2.210677]
[-0.265863, 0.515955, -1.721813, -0.050157, 1.715095, -1.613295, -0.320131, 1.508553, -1.736883, 0.084143, 0.911297, -2.182434]
[-0.128363, 0.751453, -1.780285, -0.163935, 1.644571, -1.601309, -0.372996, 1.505432, -1.651136, -0.089198, 1.021955, -2.107352]
[-0.169454, 0.989485, -1.923064, 0.039889, 1.587847, -1.707007, -0.334927, 1.519957, -1.676503, -0.134922, 1.212991, -2.059734]
[-0.179348, 1.14268, -1.975355, 0.337996, 1.593425, -1.894308, -0.288601, 1.514547, -1.841453, -0.119562, 1.300356, -2.006931]
[-0.117553, 1.235704, -1.986122, 0.362744, 1.604625, -2.117355, -0.262055, 1.494148, -2.070931, -0.014604, 1.325107, -1.967847]
[-0.051465, 1.289424, -2.001833, 0.368382, 1.532441, -2.334682, -0.272884, 1.439764, -2.287019, 0.001323, 1.346232, -1.92664]
[0.03012, 1.306394, -2.015275, 0.395335, 1.314402, -2.42285, -0.285663, 1.243047, -2.374969, -0.061135, 1.355455, -1.872866]
[-0.023412, 1.383219, -1.9605, 0.40249, 1.018667, -2.29644, -0.238359, 0.941248, -2.299466, -0.086232, 1.309993, -1.775527]
[-0.25805, 1.464561, -1.887159, 0.406228, 0.821752, -2.003197, -0.110911, 0.701465, -2.109124, 0.081066, 1.282978, -1.584221]
[-0.314875, 1.415911, -1.862562, 0.416873, 0.934306, -2.057276, -0.053019, 0.589446, -1.964517, 0.170248, 1.29592, -1.559062]
[-0.272855, 1.331736, -1.825693, 0.239627, 0.998816, -1.880985, -0.141177, 0.610387, -1.877713, 0.223979, 1.28113, -1.644361]
[-0.347836, 1.355541, -1.776988, 0.062903, 0.957818, -1.744289, -0.256777, 0.715101, -1.909292, 0.320649, 1.267554, -1.733303]
[-0.299533, 1.390584, -1.824251, 0.002102, 0.962701, -1.6963, -0.211016, 0.786845, -1.918153, 0.329046, 1.236485, -1.768953]
[-0.299267, 1.380364, -1.886758, 0.018123, 1.020245, -1.642766, -0.164724, 0.904472, -1.942235, 0.297312, 1.19662, -1.840874]
[-0.320722, 1.294541, -2.037652, -0.045817, 1.10234, -1.697808, -0.127867, 1.023292, -1.967217, 0.304813, 1.208436, -2.025576]
[-0.210526, 1.242179, -2.156267, -0.073147, 1.153613, -1.699856, -0.046651, 1.116651, -1.96311, 0.295581, 1.105868, -2.137427]
[-0.173917, 1.086273, -2.1133, -0.100483, 1.206906, -1.686309, -0.053234, 1.214577, -1.970846, 0.228494, 0.916517, -2.24698]
[-0.1022, 0.874903, -1.963209, -0.153819, 1.256688, -1.685851, -0.112204, 1.276889, -1.965283, 0.263532, 0.688372, -2.266439]
[0.002627, 0.774796, -1.874549, -0.192763, 1.319755, -1.721831, -0.172122, 1.272388, -1.930491, 0.267852, 0.540682, -2.169973]
[0.013364, 0.807733, -1.951412, -0.089475, 1.413534, -1.764066, -0.20156, 1.319851, -1.888664, 0.110317, 0.532532, -2.053763]
[-0.060943, 0.843439, -1.947182, 0.206038, 1.510659, -1.77111, -0.259313, 1.433425, -1.810984, -0.008796, 0.65616, -2.10227]
[-0.096748, 0.964347, -1.904348, 0.336797, 1.555036, -1.796429, -0.258509, 1.488241, -1.686844, -0.02837, 0.79074, -2.156589]
[0.037216, 1.061942, -1.883719, 0.329172, 1.543253, -1.89462, -0.252499, 1.550467, -1.751883, -0.045482, 0.8903, -2.203981]
[0.094757, 1.087398, -1.852873, 0.274645, 1.556507, -2.050938, -0.195442, 1.500469, -1.93966, -0.053928, 0.931474, -2.194986]
[0.136063, 1.14314, -1.828088, 0.117342, 1.535301, -2.240857, -0.194273, 1.354003, -2.177778, -0.058568, 0.981824, -2.174296]
[0.08889, 1.196357, -1.835409, 0.053873, 1.329074, -2.382682, -0.221398, 1.122396, -2.357759, -0.13772, 1.031264, -2.137222]
[0.091652, 1.246683, -1.829319, -0.058164, 1.070451, -2.261602, -0.243884, 0.82984, -2.382395, -0.197917, 1.105265, -2.109204]
[0.157994, 1.254167, -1.846195, -0.12151, 0.867443, -1.93535, -0.1536, 0.584141, -2.243176, -0.090331, 1.160299, -2.066416]
[-0.035718, 1.193296, -1.849795, -0.205401, 0.655529, -1.668351, -0.13721, 0.51124, -2.019877, 0.170417, 1.27383, -1.920761]
[-0.246683, 1.171881, -1.834492, -0.19875, 0.678101, -1.742133, -0.108718, 0.615918, -1.950825, 0.276832, 1.346822, -1.835841]
[-0.121022, 1.136408, -1.753175, -0.176719, 0.780147, -1.811646, -0.167146, 0.734434, -1.969069, 0.317826, 1.381532, -1.809106]
[-0.068309, 1.126696, -1.743922, -0.225288, 0.868859, -1.822433, -0.287883, 0.841498, -1.94743, 0.292199, 1.323718, -1.823525]
[-0.018369, 1.226354, -1.856161, -0.219071, 0.969184, -1.867556, -0.281006, 0.959462, -1.828358, 0.308548, 1.359477, -1.955891]
[0.128242, 1.243278, -2.029372, -0.192041, 1.07812, -1.914508, -0.272201, 1.056057, -1.851217, 0.24941, 1.45463, -2.119522]
[-0.03059, 1.100749, -2.179552, -0.199424, 1.180037, -1.952565, -0.294037, 1.14014, -1.883965, 0.26853, 1.413169, -2.313457]
[-0.280584, 0.845658, -2.282783, -0.149728, 1.268963, -1.989831, -0.231915, 1.200708, -1.884243, 0.304837, 1.203122, -2.425773]
[-0.37554, 0.552029, -2.14458, -0.108357, 1.324691, -1.975725, -0.181231, 1.25347, -1.879486, 0.286809, 0.866127, -2.38098]
[-0.325995, 0.345028, -1.884944, -0.114617, 1.355819, -1.920991, -0.190681, 1.316306, -1.86897, 0.229897, 0.569979, -2.260044]
[-0.282358, 0.423162, -1.803942, -0.107513, 1.375996, -1.836211, -0.171979, 1.355795, -1.818012, 0.21506, 0.443922, -2.15549]
[-0.202032, 0.493255, -1.795644, 0.046421, 1.425289, -1.788565, -0.146401, 1.346455, -1.777288, 0.238867, 0.486883, -2.115354]
[-0.250396, 0.584589, -1.779022, 0.257808, 1.486147, -1.77677, -0.206297, 1.411671, -1.740198, 0.23364, 0.646628, -2.08123]
[-0.333091, 0.744892, -1.717713, 0.221955, 1.527525, -1.839308, -0.2895, 1.511306, -1.740316, 0.272848, 0.821917, -2.02292]
[-0.35899, 0.92511, -1.60895, 0.076923, 1.511604, -1.922143, -0.326449, 1.54575, -1.874886, 0.297847, 0.959577, -1.967516]
[-0.310197, 1.079709, -1.467616, -0.013894, 1.405018, -2.059166, -0.30398, 1.467132, -2.142139, 0.225918, 1.067808, -1.932608]
[-0.237626, 1.148164, -1.444922, -0.06866, 1.163043, -2.089244, -0.301212, 1.268302, -2.352862, 0.248098, 1.142256, -1.930209]
[-0.169982, 1.207367, -1.451754, -0.136311, 0.896477, -2.018106, -0.277665, 0.960052, -2.417283, 0.30239, 1.193553, -1.93711]
[-0.160725, 1.286748, -1.539042, -0.183159, 1.004781, -2.151799, -0.284355, 0.749423, -2.303348, 0.293167, 1.254866, -1.961682]
[-0.079655, 1.393348, -1.625332, -0.230352, 1.059314, -2.183972, -0.267284, 0.707363, -2.04125, 0.27863, 1.265163, -1.924379]
[-0.061523, 1.401379, -1.632901, -0.252833, 1.084599, -2.119491, -0.301623, 0.752745, -2.003975, 0.222072, 1.259805, -1.833873]
[-0.207181, 1.327382, -1.657187, -0.203204, 1.124315, -2.060232, -0.298976, 0.769243, -1.972853, 0.216165, 1.339117, -1.810639]
[-0.290071, 1.320699, -1.732049, -0.156145, 1.153038, -2.001397, -0.273329, 0.811036, -1.929221, 0.2801, 1.416899, -1.814181]
[-0.287711, 1.368738, -1.839835, -0.132667, 1.166759, -1.944046, -0.178243, 0.897982, -1.926664, 0.304, 1.378718, -1.854365]
[-0.328007, 1.365935, -2.00364, -0.115023, 1.18423, -1.903061, -0.073508, 0.97848, -1.933827, 0.295022, 1.286332, -2.033189]
[-0.357141, 1.209151, -2.191295, -0.107726, 1.210275, -1.840847, -0.02773, 1.080792, -1.934988, 0.287765, 1.195654, -2.270012]
[-0.37338, 0.921401, -2.244688, -0.136953, 1.223977, -1.755662, -0.025726, 1.180568, -1.928312, 0.28304, 1.016446, -2.410373]
[-0.36841, 0.591216, -2.115006, -0.194697, 1.220849, -1.64918, -0.078514, 1.245439, -1.893578, 0.284607, 0.73486, -2.405747]
[-0.333627, 0.345016, -1.88971, -0.215773, 1.246556, -1.658458, -0.143524, 1.26343, -1.829356, 0.291431, 0.484802, -2.311866]
[-0.222149, 0.276444, -1.748467, -0.012685, 1.335791, -1.718698, -0.189271, 1.248274, -1.741602, 0.271172, 0.382988, -2.211632]
[-0.200248, 0.400069, -1.641169, 0.098094, 1.352892, -1.738369, -0.298793, 1.26076, -1.729813, 0.179543, 0.432352, -2.127779]
[-0.167948, 0.537456, -1.751471, 0.049709, 1.269157, -1.771385, -0.312887, 1.303635, -1.708547, 0.303332, 0.589969, -2.08425]
[-0.190597, 0.681992, -1.840618, 0.079591, 1.292483, -1.818909, -0.340132, 1.369786, -1.729128, 0.281282, 0.773434, -2.010811]
[-0.144723, 0.812301, -1.847551, 0.123919, 1.283007, -1.941801, -0.296118, 1.420256, -1.824413, 0.324012, 0.930146, -1.955529]
[-0.07341, 0.921625, -1.80043, 0.199292, 1.303373, -2.094961, -0.28307, 1.362717, -2.030318, 0.313356, 1.056424, -1.918948]
[-0.021428, 1.0257, -1.713651, 0.262394, 1.131546, -2.129725, -0.283072, 1.198302, -2.263293, 0.379574, 1.243116, -2.006231]
[-0.054192, 1.099689, -1.678568, 0.318422, 0.815384, -2.087661, -0.283282, 0.978209, -2.359314, 0.392111, 1.32475, -2.016013]
[-0.097937, 1.182097, -1.733898, 0.299603, 0.516816, -1.928102, -0.296164, 0.704873, -2.283113, 0.274364, 1.352808, -1.97299]
[-0.089906, 1.236689, -1.791073, 0.341387, 0.446345, -1.937128, -0.221232, 0.493834, -2.154151, 0.175047, 1.342544, -1.916284]
[-0.126321, 1.26975, -1.796205, 0.315663, 0.512736, -2.109355, -0.289415, 0.419858, -2.011028, 0.226759, 1.274068, -1.873473]
[-0.229091, 1.275736, -1.767173, 0.221796, 0.583426, -2.201815, -0.320065, 0.493997, -1.877472, 0.279308, 1.271176, -1.822728]
[-0.278102, 1.288961, -1.771415, 0.179137, 0.728758, -2.220565, -0.325936, 0.674001, -1.767924, 0.285956, 1.349306, -1.820466]
[-0.288051, 1.399096, -1.853806, 0.061513, 0.89301, -2.150248, -0.409455, 0.854808, -1.674735, 0.269136, 1.430647, -1.892327]
[-0.270122, 1.512275, -2.013875, -0.03338, 1.01849, -2.049356, -0.458038, 0.985595, -1.719361, 0.299435, 1.412052, -2.040324]
[-0.306923, 1.492281, -2.207051, -0.069495, 1.117935, -1.957269, -0.25951, 1.105098, -1.788965, 0.314377, 1.282034, -2.181631]
[-0.360558, 1.264428, -2.306065, -0.072325, 1.208885, -1.866136, -0.135727, 1.220291, -1.826562, 0.32097, 1.057079, -2.320755]
[-0.356246, 0.875468, -2.23115, -0.031748, 1.289291, -1.840404, -0.066794, 1.312886, -1.840809, 0.303886, 0.759125, -2.371005]
[-0.308977, 0.541367, -2.013862, -0.019565, 1.352124, -1.838472, -0.019783, 1.380753, -1.837745, 0.273455, 0.522821, -2.304809]
[-0.265604, 0.384192, -1.824448, -0.048061, 1.386892, -1.816724, -0.015097, 1.433528, -1.809603, 0.248157, 0.412519, -2.211312]
[-0.330702, 0.44539, -1.886452, 0.008622, 1.45882, -1.784891, -0.089498, 1.474558, -1.803836, 0.101327, 0.443279, -2.105112]
[-0.351979, 0.536268, -1.878126, 0.261445, 1.548977, -1.751273, -0.209294, 1.562638, -1.788457, -0.122586, 0.617216, -2.080263]
[-0.390757, 0.725726, -1.858598, 0.337427, 1.56111, -1.797349, -0.252533, 1.58344, -1.714617, -0.188898, 0.79101, -2.169335]
[-0.356554, 0.887036, -1.885216, 0.365596, 1.579348, -1.940397, -0.232948, 1.618662, -1.73036, -0.205541, 0.922578, -2.142129]
[-0.322225, 0.996112, -1.882956, 0.37015, 1.596267, -2.150589, -0.232982, 1.622819, -1.959293, -0.198798, 1.035461, -2.068135]
[-0.259968, 1.082048, -1.85518, 0.405818, 1.530143, -2.36504, -0.244473, 1.534393, -2.236719, -0.171585, 1.156514, -2.001839]
[-0.114778, 1.139311, -1.792871, 0.391961, 1.264078, -2.44587, -0.26981, 1.302111, -2.363336, -0.22133, 1.216452, -1.959133]
[-0.09084, 1.175817, -1.7268, 0.21229, 0.820906, -2.34975, -0.304441, 0.946347, -2.323856, -0.233598, 1.284716, -1.92438]
[-0.19422, 1.253945, -1.762804, 0.071227, 0.496942, -2.067018, -0.279383, 0.631753, -2.097911, -0.237718, 1.296259, -1.846145]
[-0.264814, 1.304774, -1.781091, 0.017243, 0.613538, -2.246905, -0.263783, 0.575834, -1.847006, -0.091418, 1.376085, -1.842426]
[-0.088613, 1.387631, -1.766744, -0.148716, 0.767046, -2.311989, -0.289778, 0.763811, -1.684031, 0.145144, 1.507451, -1.841808]
[-0.139954, 1.495148, -1.714229, -0.209309, 0.989492, -2.301367, -0.344961, 1.005154, -1.756258, 0.240029, 1.546315, -1.828319]
[-0.239658, 1.521326, -1.762247, -0.145527, 1.194658, -2.267592, -0.317419, 1.175138, -1.781369, 0.320219, 1.674355, -1.81926]
[-0.306666, 1.552062, -1.787828, -0.063064, 1.35052, -2.206026, -0.237531, 1.294989, -1.731611, 0.400717, 1.752132, -1.806093]
[-0.359104, 1.493239, -1.908418, -0.047064, 1.423633, -2.075171, -0.236069, 1.342648, -1.620825, 0.338107, 1.732242, -1.971577]
[-0.358962, 1.211614, -2.05152, -0.08152, 1.433867, -1.856255, -0.317701, 1.361641, -1.47679, 0.293342, 1.547215, -2.255542]
[-0.341497, 0.814991, -2.064296, -0.123176, 1.411334, -1.600032, -0.391729, 1.404067, -1.401441, 0.30597, 1.296256, -2.382063]
[-0.324574, 0.479815, -1.9204, -0.084519, 1.501325, -1.622436, -0.348186, 1.491878, -1.398796, 0.318666, 1.057516, -2.338538]
[-0.334752, 0.360959, -1.755997, 0.171646, 1.613983, -1.71828, -0.308829, 1.592038, -1.386381, 0.289928, 0.907534, -2.106345]
[-0.359291, 0.434975, -1.643242, 0.325934, 1.639682, -1.771752, -0.350845, 1.654769, -1.383339, 0.23608, 0.965064, -2.038348]
[-0.414372, 0.61608, -1.575475, 0.124628, 1.611025, -1.760343, -0.403559, 1.660707, -1.466703, 0.104195, 1.003415, -2.009053]
[-0.359121, 0.790937, -1.511101, 0.104729, 1.555767, -1.7807, -0.343386, 1.641014, -1.646028, -0.04797, 0.970618, -1.928352]
[-0.46517, 0.884201, -1.682882, 0.27562, 1.583159, -1.863882, -0.214745, 1.616109, -1.835961, -0.168224, 1.01917, -1.912096]
[-0.469325, 0.982976, -1.691742, 0.345226, 1.611699, -2.075351, -0.188672, 1.607289, -2.044179, -0.18147, 1.150744, -1.942609]
[-0.459306, 1.060677, -1.625557, 0.3676, 1.55893, -2.295955, -0.210276, 1.560917, -2.277166, -0.141429, 1.267298, -1.957554]
[-0.417557, 1.125362, -1.586944, 0.389879, 1.329478, -2.413767, -0.242223, 1.412755, -2.431917, -0.091232, 1.342368, -1.939899]
[-0.327074, 1.158582, -1.561354, 0.381234, 0.946702, -2.38875, -0.260751, 1.155314, -2.424294, -0.037593, 1.401425, -1.917862]
[-0.210174, 1.174296, -1.562488, 0.286411, 0.60665, -2.164064, -0.265815, 0.82364, -2.255287, -0.015673, 1.437715, -1.886071]
[-0.220783, 1.275007, -1.647906, 0.244622, 0.612384, -2.227525, -0.336871, 0.691909, -2.061717, 0.071543, 1.396324, -1.866378]
[-0.267098, 1.441127, -1.635476, 0.017063, 0.747024, -2.30546, -0.368387, 0.802581, -1.835418, 0.163857, 1.398724, -1.868945]
[-0.225904, 1.500473, -1.523893, -0.126366, 0.953508, -2.294404, -0.46034, 1.016102, -1.89208, 0.145604, 1.457462, -1.835168]
[-0.254892, 1.51529, -1.490544, -0.084976, 1.169689, -2.267947, -0.451562, 1.182044, -1.916195, 0.206609, 1.582821, -1.829593]
[-0.307369, 1.542018, -1.617061, 0.013217, 1.339838, -2.23855, -0.340565, 1.297507, -1.866472, 0.343149, 1.670618, -1.784338]
[-0.39286, 1.484388, -1.886935, 0.043216, 1.457518, -2.157009, -0.279345, 1.358599, -1.758467, 0.332008, 1.658458, -1.839143]
[-0.38204, 1.210893, -2.130612, -0.006704, 1.516419, -1.999773, -0.320834, 1.384272, -1.602035, 0.281145, 1.545878, -2.113162]
[-0.358397, 0.838679, -2.200922, -0.083345, 1.522322, -1.77113, -0.415549, 1.411095, -1.458463, 0.29532, 1.324682, -2.335709]
[-0.332853, 0.507622, -2.091776, -0.00604, 1.583241, -1.648804, -0.379625, 1.479812, -1.419246, 0.324305, 1.074513, -2.357304]
[-0.355589, 0.34235, -1.881649, 0.239284, 1.674828, -1.675845, -0.324562, 1.585428, -1.398412, 0.302955, 0.903389, -2.266382]
[-0.347943, 0.36484, -1.70927, 0.35542, 1.691498, -1.711909, -0.349101, 1.666674, -1.358141, 0.280168, 0.872838, -2.134475]
[-0.350705, 0.523496, -1.618089, 0.325013, 1.661413, -1.707918, -0.414279, 1.726343, -1.32161, 0.165188, 0.981698, -2.07106]
[-0.459631, 0.687431, -1.724324, 0.262419, 1.609574, -1.716228, -0.432087, 1.725754, -1.293424, 0.089421, 1.101627, -2.119323]
[-0.521398, 0.863465, -1.818416, 0.297966, 1.590636, -1.79333, -0.372358, 1.707755, -1.47733, 0.039848, 1.233269, -2.146317]
[-0.550321, 0.983884, -1.869749, 0.344522, 1.601251, -1.968181, -0.32261, 1.681117, -1.768006, -0.01429, 1.397527, -2.160395]
[-0.520969, 1.079982, -1.87421, 0.370774, 1.578085, -2.212087, -0.265281, 1.621593, -2.103113, -0.035766, 1.549469, -2.13782]
[-0.460045, 1.159131, -1.795422, 0.387771, 1.426819, -2.406507, -0.260599, 1.482859, -2.329524, -0.001777, 1.675596, -2.07931]
[-0.393904, 1.232968, -1.720171, 0.40612, 1.102682, -2.431264, -0.287629, 1.256714, -2.403975, 0.053616, 1.740785, -1.99344]
[-0.310359, 1.285867, -1.751741, 0.399608, 0.713097, -2.207719, -0.274543, 0.962768, -2.333082, 0.136856, 1.733782, -1.911974]
[-0.296329, 1.319857, -1.792291, 0.360081, 0.612219, -2.186545, -0.294202, 0.718366, -2.197176, 0.223585, 1.664915, -1.871605]
[-0.327887, 1.417899, -1.774051, 0.318155, 0.709083, -2.312739, -0.294669, 0.699149, -2.106926, 0.269584, 1.659356, -1.84841]
[-0.360357, 1.522235, -1.749906, 0.299686, 0.868271, -2.346032, -0.278973, 0.879505, -2.097539, 0.295592, 1.737263, -1.795319]
[-0.349343, 1.597323, -1.715568, 0.349465, 1.035267, -2.317321, -0.286047, 1.033895, -2.186343, 0.307145, 1.78992, -1.713312]
[-0.37342, 1.632841, -1.685399, 0.326842, 1.198588, -2.245099, -0.325741, 1.182972, -2.225488, 0.263021, 1.79751, -1.777757]
[-0.381061, 1.6421, -1.893886, 0.216144, 1.352321, -2.14628, -0.39566, 1.332813, -2.22701, 0.256541, 1.715147, -2.022948]
[-0.344552, 1.509341, -2.193261, 0.054304, 1.504136, -2.027252, -0.480845, 1.443247, -2.16918, 0.288909, 1.582425, -2.283354]
[-0.351533, 1.222186, -2.31934, 0.129172, 1.617975, -1.891666, -0.411785, 1.477378, -2.040441, 0.314889, 1.38645, -2.432286]
[-0.360012, 0.875259, -2.299841, 0.247552, 1.699613, -1.845415, -0.31742, 1.480922, -1.864788, 0.290132, 1.143162, -2.416911]
[-0.354547, 0.597296, -2.072909, 0.078226, 1.725294, -1.846063, -0.305069, 1.484532, -1.648882, 0.256938, 0.918285, -2.303185]
[-0.327267, 0.541797, -1.858041, -0.076256, 1.698752, -1.791695, -0.310196, 1.436905, -1.508779, 0.181114, 0.789016, -2.189454]
[-0.349076, 0.653888, -1.81991, -0.111084, 1.717935, -1.67009, -0.30731, 1.466207, -1.536823, 0.076443, 0.859404, -2.133905]
[-0.416493, 0.85392, -1.872656, 0.072047, 1.652597, -1.604075, -0.303095, 1.509117, -1.625112, 0.023598, 1.014988, -2.179573]
[-0.488306, 1.05669, -1.922559, 0.31025, 1.607404, -1.721361, -0.343595, 1.560183, -1.654056, -0.060975, 1.189124, -2.205147]
[-0.500535, 1.15518, -1.910195, 0.358648, 1.599003, -1.917664, -0.311491, 1.588627, -1.746343, -0.11468, 1.345261, -2.191822]
[-0.472205, 1.215061, -1.887675, 0.361554, 1.578925, -2.162831, -0.250182, 1.570481, -1.992859, -0.16714, 1.480292, -2.150691]
[-0.40129, 1.261559, -1.851037, 0.396272, 1.452547, -2.378279, -0.218718, 1.472589, -2.256996, -0.189226, 1.596982, -2.094342]
[-0.31077, 1.300453, -1.757982, 0.413679, 1.081689, -2.430036, -0.228091, 1.284765, -2.379534, -0.026343, 1.673282, -2.011215]
[-0.346252, 1.313423, -1.760071, 0.369205, 0.647107, -2.164861, -0.197916, 0.972258, -2.321708, 0.116131, 1.660972, -1.89763]
[-0.262887, 1.281575, -1.79385, 0.307062, 0.542379, -1.844893, -0.094589, 0.689194, -2.170894, 0.174736, 1.596105, -1.802958]
[-0.25056, 1.35785, -1.788163, 0.265489, 0.647006, -1.987526, -0.15706, 0.629446, -2.003373, 0.222286, 1.573655, -1.822217]
[-0.258377, 1.460696, -1.777186, 0.278521, 0.795358, -2.090725, -0.212718, 0.727143, -1.964472, 0.280733, 1.590167, -1.806611]
[-0.276096, 1.50173, -1.77702, 0.334029, 0.932283, -2.137444, -0.200748, 0.827462, -2.01933, 0.249478, 1.627191, -1.72748]
[-0.290441, 1.536415, -1.847531, 0.323898, 1.051646, -2.17087, -0.208557, 0.952914, -2.061608, 0.25488, 1.607828, -1.677426]
[-0.306568, 1.557227, -2.015551, 0.297988, 1.133576, -2.196685, -0.194931, 1.040455, -2.048786, 0.283995, 1.516584, -1.816365]
[-0.317416, 1.521888, -2.225037, 0.278958, 1.188335, -2.178523, -0.156272, 1.112615, -2.00861, 0.303767, 1.321555, -2.110751]
[-0.376738, 1.350668, -2.366265, 0.239521, 1.233111, -2.099795, -0.150334, 1.204465, -1.975789, 0.283799, 1.070855, -2.326979]
[-0.390545, 1.077275, -2.342721, 0.100432, 1.283961, -2.01568, -0.225006, 1.30149, -1.948128, 0.285849, 0.771447, -2.377869]
[-0.361279, 0.822485, -2.129189, -0.024539, 1.340455, -1.957989, -0.306846, 1.34935, -1.894941, 0.293646, 0.512264, -2.303982]
[-0.325068, 0.699035, -1.861967, -0.087816, 1.404519, -1.921843, -0.36771, 1.34701, -1.811664, 0.288494, 0.399543, -2.196183]
[-0.304073, 0.694765, -1.76095, -0.115573, 1.421061, -1.861783, -0.3797, 1.316133, -1.717117, 0.266451, 0.481769, -2.116279]
[-0.241191, 0.762909, -1.814802, -0.177448, 1.345916, -1.789195, -0.314848, 1.277529, -1.681787, 0.265998, 0.658874, -2.085142]
[-0.1679, 0.839149, -1.793024, -0.065285, 1.356669, -1.811777, -0.261672, 1.284775, -1.754984, 0.287844, 0.816601, -2.04013]
[-0.222458, 0.974557, -1.796279, 0.150655, 1.426893, -1.940545, -0.307626, 1.341392, -1.864277, 0.274799, 0.93509, -2.088998]
[-0.212955, 1.096315, -1.809084, 0.254058, 1.392305, -2.147413, -0.300672, 1.323511, -2.026485, 0.235761, 0.996979, -2.110663]
[-0.32914, 1.172789, -1.829379, 0.289085, 1.241776, -2.341232, -0.300256, 1.233054, -2.197437, 0.120091, 1.066066, -2.10078]
[-0.418063, 1.217929, -1.844541, 0.249143, 0.937427, -2.309538, -0.275347, 1.010813, -2.328334, -0.018554, 1.145476, -2.066961]
[-0.25741, 1.254997, -1.847335, 0.207134, 0.595285, -2.046586, -0.183891, 0.727526, -2.320663, 0.042894, 1.246335, -2.048844]
[-0.211842, 1.234886, -1.839346, 0.134161, 0.449129, -1.901455, -0.242317, 0.507176, -2.245249, 0.131185, 1.296935, -2.007465]
[-0.316857, 1.208127, -1.835898, 0.166418, 0.545491, -1.887601, -0.300683, 0.411002, -2.174855, 0.260695, 1.23901, -1.936151]
[-0.347516, 1.174752, -1.802131, 0.017658, 0.617272, -1.971587, -0.335378, 0.460828, -2.008181, 0.286274, 1.242209, -1.882443]
[-0.340719, 1.127549, -1.798238, -0.160767, 0.715078, -1.993846, -0.305109, 0.617884, -1.912046, 0.319659, 1.235103, -1.841098]
[-0.319142, 1.142938, -1.852618, -0.180683, 0.855025, -1.985553, -0.29318, 0.792942, -1.889653, 0.304974, 1.200254, -1.882581]
[-0.184501, 1.203232, -1.985233, -0.182608, 1.008713, -2.000216, -0.296217, 0.944842, -1.873977, 0.29289, 1.26282, -2.021578]
[-0.049834, 1.180488, -2.155034, -0.192963, 1.155837, -1.990385, -0.272174, 1.072325, -1.890325, 0.295244, 1.247024, -2.222067]
[-0.097638, 0.992512, -2.252097, -0.16069, 1.272745, -2.009056, -0.199134, 1.186652, -1.911961, 0.292384, 1.081938, -2.394392]
[-0.231906, 0.721008, -2.176486, -0.140484, 1.353674, -2.008837, -0.011783, 1.218556, -1.912095, 0.282954, 0.844772, -2.434923]
[-0.222444, 0.449392, -1.97084, -0.174994, 1.403179, -1.948564, 0.009243, 1.276433, -1.92425, 0.262648, 0.587328, -2.349113]
[-0.177951, 0.409813, -1.963041, -0.189568, 1.428439, -1.885259, -0.028439, 1.322019, -1.901404, 0.244137, 0.420652, -2.234758]
[-0.149375, 0.483361, -1.879416, -0.183109, 1.469393, -1.834619, -0.074419, 1.332513, -1.85282, 0.237146, 0.433492, -2.152543]
[-0.223575, 0.606382, -1.798904, 0.060321, 1.451918, -1.786297, -0.123962, 1.347743, -1.786872, 0.241788, 0.619584, -2.112889]
[-0.372376, 0.732851, -1.705564, 0.176066, 1.424044, -1.804676, -0.211624, 1.379103, -1.796568, 0.224985, 0.839252, -2.059488]
[-0.414622, 0.807672, -1.566798, 0.008859, 1.352554, -1.899993, -0.256755, 1.479042, -1.862296, 0.204917, 0.974414, -1.998436]
[-0.414088, 0.882952, -1.467127, -0.095152, 1.229545, -1.949391, -0.236983, 1.536545, -2.016477, 0.20633, 1.098602, -2.024221]
[-0.370654, 0.95877, -1.446421, -0.107015, 1.095434, -1.99781, -0.2118, 1.381931, -2.248892, 0.271378, 1.178074, -2.035695]
[-0.205721, 1.084713, -1.509186, -0.115603, 0.928358, -2.032145, -0.24881, 1.084011, -2.402024, 0.373571, 1.23465, -2.012124]
[-0.174203, 1.174124, -1.641418, -0.133973, 1.020677, -2.151566, -0.312721, 0.789113, -2.30131, 0.294507, 1.238228, -1.978836]
[-0.206234, 1.229586, -1.724802, -0.190103, 1.0773, -2.174347, -0.337428, 0.626146, -2.023337, 0.242578, 1.300386, -1.939755]
[-0.273145, 1.27466, -1.713984, -0.255732, 1.104506, -2.111059, -0.34142, 0.634633, -1.853416, 0.273538, 1.43881, -1.863709]
[-0.269981, 1.262321, -1.665494, -0.253274, 1.081605, -2.04876, -0.321655, 0.656832, -1.831973, 0.273758, 1.534327, -1.814421]
[-0.27052, 1.271665, -1.600604, -0.265219, 1.053178, -1.971929, -0.299897, 0.685656, -1.790997, 0.275902, 1.548241, -1.807507]
[-0.269557, 1.328409, -1.663745, -0.27717, 1.033038, -1.860208, -0.280431, 0.771725, -1.751455, 0.298387, 1.526036, -1.860551]
[-0.276814, 1.339516, -1.820485, -0.2701, 1.039875, -1.700824, -0.273311, 0.911902, -1.771784, 0.312364, 1.525267, -1.998385]
[-0.279913, 1.286029, -2.021994, -0.208568, 1.098102, -1.529833, -0.277053, 1.028153, -1.76696, 0.311189, 1.470307, -2.177974]
[-0.312376, 1.088079, -2.16572, -0.191515, 1.159532, -1.477858, -0.27362, 1.126816, -1.784383, 0.304307, 1.249789, -2.309759]
[-0.35176, 0.773047, -2.214013, -0.173942, 1.192352, -1.460725, -0.248195, 1.228492, -1.818057, 0.302843, 0.930236, -2.343424]
[-0.324409, 0.473869, -2.10426, -0.152085, 1.218459, -1.496264, -0.227672, 1.295635, -1.836181, 0.291396, 0.635059, -2.287472]
[-0.21409, 0.368825, -1.955274, -0.13074, 1.256681, -1.61066, -0.224438, 1.327179, -1.833378, 0.232877, 0.444071, -2.183994]
[-0.132432, 0.45932, -2.135152, -0.051062, 1.321381, -1.691108, -0.190967, 1.357662, -1.810761, 0.174755, 0.408928, -2.094051]
[-0.140164, 0.557998, -2.244186, 0.154006, 1.333409, -1.750512, -0.183298, 1.385519, -1.76673, 0.198391, 0.575602, -2.052122]
[-0.18818, 0.678871, -2.299479, 0.323056, 1.413643, -1.788158, -0.188165, 1.413196, -1.706547, 0.270672, 0.820319, -2.012919]
[-0.117706, 0.796384, -2.292333, 0.324776, 1.494199, -1.875566, -0.169451, 1.437746, -1.734278, 0.292041, 0.980606, -1.961326]
[-0.00445, 0.913694, -2.230106, 0.304291, 1.526932, -2.053484, -0.202938, 1.45259, -1.926983, 0.230723, 1.077324, -1.918315]
[0.094039, 1.047754, -2.071863, 0.332155, 1.436772, -2.254387, -0.277576, 1.45126, -2.143785, 0.262548, 1.18822, -1.930792]
[0.074524, 1.125348, -1.911637, 0.344429, 1.139844, -2.351337, -0.283587, 1.359043, -2.315327, 0.319981, 1.370545, -2.003457]
[0.025517, 1.174427, -1.820123, 0.355724, 0.768872, -2.318352, -0.297087, 1.121527, -2.38003, 0.297332, 1.400381, -1.966811]
[-0.092627, 1.197762, -1.794107, 0.368097, 0.474041, -2.031293, -0.299401, 0.832296, -2.325515, 0.098032, 1.390735, -1.901421]
[-0.07684, 1.223974, -1.793893, 0.37027, 0.338685, -1.746801, -0.230335, 0.645038, -2.225471, -0.016162, 1.382575, -1.845359]
[-0.019051, 1.218716, -1.789196, 0.400538, 0.361403, -1.751503, -0.192851, 0.585466, -2.161002, 0.023376, 1.371474, -1.797517]
[-0.156178, 1.164748, -1.773911, 0.398778, 0.438003, -1.902061, -0.257654, 0.6392, -2.013604, 0.139311, 1.349073, -1.748394]
[-0.299454, 1.126528, -1.808182, 0.383634, 0.565437, -1.99073, -0.263318, 0.776907, -1.838422, 0.222675, 1.420229, -1.77563]
[-0.304415, 1.105828, -1.910335, 0.377334, 0.735808, -2.009162, -0.249391, 0.933253, -1.763116, 0.254648, 1.584431, -1.817392]
[-0.264392, 1.093907, -1.997276, 0.36138, 0.879148, -1.983752, -0.14723, 1.06104, -1.712184, 0.26288, 1.730958, -1.935112]
[-0.222638, 1.023665, -2.021459, 0.328211, 0.974728, -1.925609, -0.075593, 1.170067, -1.680622, 0.228427, 1.813322, -2.109833]
[-0.224174, 0.822064, -2.019538, 0.242151, 1.040536, -1.881707, -0.110167, 1.205021, -1.6245, 0.169492, 1.727605, -2.209292]
[-0.282622, 0.544466, -1.94872, 0.068892, 1.10438, -1.822193, -0.20409, 1.244014, -1.6338, 0.210105, 1.275541, -2.293277]
[-0.316563, 0.352799, -1.833655, -0.075733, 1.147702, -1.770089, -0.277827, 1.259971, -1.705821, 0.265479, 0.85003, -2.241492]
[-0.357774, 0.432157, -1.924435, 0.00178, 1.256324, -1.765582, -0.279401, 1.310298, -1.76968, 0.199608, 0.60061, -2.131939]
[-0.321881, 0.53555, -2.003829, 0.299121, 1.426885, -1.770035, -0.286747, 1.415886, -1.772633, -0.095667, 0.600668, -2.014714]
[-0.350128, 0.676773, -2.025409, 0.353202, 1.509295, -1.769234, -0.356093, 1.534874, -1.786697, -0.139243, 0.754914, -2.118199]
[-0.300802, 0.821607, -2.024782, 0.369224, 1.553265, -1.839666, -0.352418, 1.590676, -1.733778, -0.120896, 0.904598, -2.186195]
[-0.192951, 0.929882, -2.01631, 0.317185, 1.580423, -2.008065, -0.289896, 1.57354, -1.848239, -0.069285, 1.023204, -2.194432]
[-0.086235, 0.986222, -2.013375, 0.242043, 1.580329, -2.237065, -0.267679, 1.439467, -2.120628, -0.05366, 1.119989, -2.158112]
[-0.008769, 1.046333, -1.998752, 0.031161, 1.466487, -2.40886, -0.27618, 1.207955, -2.337438, -0.101275, 1.208014, -2.084434]
[0.046785, 1.10232, -1.967919, -0.130534, 1.22709, -2.326759, -0.258635, 0.905179, -2.411103, -0.131915, 1.259677, -2.009986]
[0.035257, 1.181842, -1.93285, -0.209932, 0.966233, -2.009258, -0.274533, 0.633028, -2.310775, -0.045817, 1.247552, -1.945804]
[-0.046329, 1.273231, -1.887904, -0.282247, 0.947451, -1.861025, -0.216468, 0.466421, -2.019895, 0.057742, 1.320339, -1.838803]
[-0.223666, 1.364781, -1.855751, -0.370153, 1.030455, -1.746477, -0.120436, 0.539666, -1.820015, 0.194146, 1.485372, -1.809528]
[-0.282627, 1.482974, -1.78234, -0.360224, 1.086569, -1.640809, -0.136484, 0.682212, -1.897838, 0.303248, 1.549659, -1.82449]
[-0.30265, 1.519449, -1.577435, -0.236941, 1.075392, -1.67185, -0.028854, 0.756115, -1.876289, 0.30673, 1.528842, -1.754306]
[-0.330181, 1.564873, -1.557771, -0.178433, 1.046967, -1.736735, 0.127744, 0.806708, -1.821218, 0.270952, 1.548486, -1.835041]
[-0.372873, 1.570063, -1.688868, -0.105855, 1.106849, -1.746756, 0.268541, 0.846148, -1.753336, 0.227213, 1.571294, -2.025155]
[-0.403765, 1.458567, -1.816256, -0.067856, 1.165667, -1.703808, 0.317009, 0.910384, -1.704346, 0.229788, 1.528863, -2.221561]
[-0.402063, 1.132767, -1.95124, -0.105561, 1.190343, -1.597187, 0.285007, 0.986131, -1.656123, 0.252023, 1.353032, -2.3334]
[-0.384141, 0.716626, -2.033648, -0.190356, 1.216416, -1.470733, 0.205933, 1.061824, -1.606105, 0.257254, 1.095067, -2.333624]
[-0.374358, 0.416597, -1.994342, -0.182011, 1.321156, -1.498441, 0.102203, 1.125441, -1.556121, 0.250906, 0.870154, -2.218755]
[-0.370984, 0.303643, -1.818743, 0.036911, 1.457561, -1.636718, -0.009742, 1.172421, -1.499515, 0.255855, 0.719105, -2.003709]
[-0.372295, 0.394551, -1.659316, 0.058141, 1.483987, -1.703603, -0.163684, 1.244337, -1.488099, 0.233813, 0.679105, -1.789616]
[-0.406243, 0.550532, -1.7498, -0.089315, 1.402307, -1.696094, -0.188823, 1.281804, -1.542234, 0.149365, 0.730433, -1.66504]
[-0.350169, 0.705197, -1.830825, 0.058556, 1.391403, -1.744204, -0.138199, 1.335333, -1.567765, -0.021999, 0.880961, -1.663744]
[-0.411618, 0.863721, -1.849724, 0.282475, 1.428132, -1.936798, -0.220121, 1.449575, -1.741308, -0.048576, 1.073041, -1.778649]
