[-0.012963, 1.004492, -1.713877, 0.017208, 0.945657, -1.74973, -0.016454, 0.937301, -1.775803, 0.013152, 0.988621, -1.745169]
[-0.000359, 1.2292, -1.664844, 0.010039, 1.060453, -1.68475, -0.044932, 1.015458, -1.817749, -0.011691, 1.076963, -1.798308]
[-0.022835, 1.365782, -1.66751, -0.011231, 1.146418, -1.652617, -0.090916, 1.085628, -1.851802, 0.041136, 1.199021, -1.825714]
[-0.087747, 1.358475, -1.679265, -0.03368, 1.207214, -1.6391, -0.147304, 1.139075, -1.860971, 0.22762, 1.304099, -1.81182]
[-0.165902, 1.347532, -1.700471, -0.051871, 1.262828, -1.649246, -0.185735, 1.156623, -1.836154, 0.276827, 1.304172, -1.782529]
[-0.257562, 1.337782, -1.765605, -0.031306, 1.31648, -1.679608, -0.157776, 1.161451, -1.790852, 0.242336, 1.202941, -1.824742]
[-0.28065, 1.34369, -1.875931, -0.014213, 1.355092, -1.671913, -0.111592, 1.201339, -1.749616, 0.198992, 1.053124, -1.87584]
[-0.280652, 1.32078, -2.007501, -0.030963, 1.370238, -1.610149, -0.097793, 1.25991, -1.705539, 0.209887, 0.979197, -1.884808]
[-0.274264, 1.246201, -2.090445, -0.050927, 1.370759, -1.514485, -0.098765, 1.306629, -1.642608, 0.250472, 0.995223, -1.853678]
[-0.224821, 1.156195, -2.108247, -0.062225, 1.363346, -1.399899, -0.119703, 1.340871, -1.589276, 0.277507, 1.03558, -1.776882]
[-0.108625, 1.063978, -2.054821, -0.076554, 1.353096, -1.325596, -0.175646, 1.355372, -1.534683, 0.226561, 1.055769, -1.70519]
[0.03751, 1.006233, -1.917025, -0.065653, 1.381644, -1.474966, -0.238371, 1.368897, -1.526843, 0.157349, 1.082124, -1.655307]
[0.042236, 1.111897, -2.013445, 0.059118, 1.359934, -1.667403, -0.255202, 1.3563, -1.50938, 0.129561, 1.117858, -1.62806]
[0.08613, 1.192444, -2.048377, 0.180643, 1.323578, -1.777504, -0.23546, 1.347783, -1.592875, 0.129152, 1.169549, -1.600847]
[0.137402, 1.256171, -2.030053, 0.250156, 1.325911, -1.812719, -0.192933, 1.319357, -1.723255, 0.166262, 1.212917, -1.57016]
[0.172816, 1.314822, -1.960929, 0.245153, 1.331465, -1.845044, -0.221729, 1.305143, -1.846676, 0.23391, 1.258708, -1.562913]
[0.154146, 1.379352, -1.905027, 0.255882, 1.307212, -1.931187, -0.280106, 1.246002, -1.971466, 0.204494, 1.329144, -1.577289]
[0.105008, 1.439262, -1.84555, 0.285468, 1.226485, -2.031206, -0.299021, 1.15113, -2.071824, 0.139242, 1.400906, -1.54562]
[0.078267, 1.474969, -1.764415, 0.310729, 1.081297, -2.088295, -0.261633, 1.050486, -2.103034, 0.082719, 1.46816, -1.482492]
[0.106287, 1.487251, -1.656863, 0.28669, 0.943086, -2.076519, -0.230267, 0.989189, -2.039838, 0.128441, 1.502782, -1.43081]
[0.077685, 1.491837, -1.602835, 0.135461, 0.855627, -1.947984, -0.236513, 0.979309, -1.899203, 0.159088, 1.491121, -1.437552]
[0.009956, 1.519368, -1.623938, 0.042227, 0.89788, -2.014487, -0.273096, 1.006982, -1.869257, 0.127174, 1.398655, -1.516658]
[-0.061836, 1.506737, -1.661961, -0.001211, 0.957042, -2.057481, -0.299698, 1.015379, -1.816067, 0.160641, 1.348429, -1.538227]
[-0.185358, 1.42446, -1.724445, 0.023583, 1.037205, -2.043526, -0.299473, 1.02717, -1.755074, 0.237651, 1.340043, -1.521762]
[-0.289771, 1.314626, -1.791045, 0.076209, 1.107324, -1.990643, -0.272027, 1.050902, -1.702403, 0.292662, 1.317483, -1.53209]
[-0.327545, 1.255248, -1.882531, 0.107672, 1.171322, -1.943423, -0.24801, 1.097884, -1.664589, 0.283328, 1.275813, -1.586884]
[-0.335361, 1.230721, -1.994784, 0.102159, 1.225728, -1.911771, -0.233473, 1.161462, -1.635667, 0.256441, 1.180254, -1.704367]
[-0.298311, 1.181611, -2.07484, 0.086634, 1.27695, -1.872639, -0.219128, 1.230096, -1.597955, 0.254857, 1.091206, -1.800125]
[-0.215403, 1.115195, -2.092278, 0.084686, 1.32714, -1.810073, -0.206597, 1.289347, -1.541516, 0.269524, 1.084392, -1.788098]
[-0.145288, 1.063087, -2.061449, 0.073284, 1.361491, -1.72528, -0.225051, 1.316026, -1.513063, 0.250565, 1.107196, -1.706854]
[-0.114657, 1.070663, -2.008113, 0.020854, 1.364415, -1.661275, -0.267556, 1.318914, -1.520257, 0.18471, 1.123147, -1.65317]
[-0.055852, 1.127791, -1.952483, 0.037197, 1.369354, -1.697182, -0.253128, 1.312991, -1.517753, 0.148004, 1.106813, -1.617246]
[0.017433, 1.200885, -1.97026, 0.163331, 1.352867, -1.776125, -0.202552, 1.320744, -1.606584, 0.225722, 1.154821, -1.612982]
[0.063293, 1.273734, -1.944067, 0.25784, 1.341971, -1.825451, -0.234939, 1.307542, -1.731056, 0.285643, 1.225445, -1.608837]
[0.071298, 1.338352, -1.910974, 0.287867, 1.330656, -1.851761, -0.259215, 1.28216, -1.83218, 0.295276, 1.286864, -1.587136]
[0.051179, 1.389894, -1.874961, 0.298906, 1.267616, -1.926645, -0.26942, 1.208839, -1.940414, 0.260375, 1.342764, -1.550512]
[0.023788, 1.42504, -1.824978, 0.305704, 1.133028, -2.016318, -0.258838, 1.1077, -2.041285, 0.210757, 1.386527, -1.496803]
[0.027654, 1.443614, -1.739964, 0.320432, 0.990893, -2.066224, -0.238776, 1.033015, -2.048989, 0.219065, 1.415189, -1.429915]
[0.038134, 1.456074, -1.641206, 0.28624, 0.893659, -2.02719, -0.244345, 0.992982, -1.947458, 0.252159, 1.428349, -1.393446]
[0.019987, 1.465329, -1.605123, 0.211455, 0.880636, -1.888864, -0.226684, 1.006379, -1.836574, 0.237208, 1.410519, -1.400276]
[-0.068037, 1.434813, -1.665304, 0.155539, 0.936626, -1.953832, -0.261601, 1.014052, -1.787248, 0.149151, 1.359295, -1.457202]
[-0.178653, 1.386512, -1.755502, 0.119807, 1.001181, -1.979274, -0.280708, 1.034634, -1.734826, 0.171707, 1.340053, -1.495953]
[-0.290825, 1.328958, -1.792133, 0.127789, 1.069479, -1.962123, -0.262553, 1.016099, -1.710779, 0.249958, 1.341248, -1.490027]
[-0.301734, 1.272231, -1.818738, 0.122866, 1.126928, -1.885106, -0.283156, 1.037814, -1.688847, 0.280483, 1.314625, -1.49197]
[-0.302186, 1.23924, -1.87704, 0.125742, 1.178792, -1.807592, -0.30146, 1.094363, -1.664507, 0.293523, 1.272798, -1.571182]
[-0.320248, 1.233128, -1.973951, 0.120741, 1.222867, -1.758722, -0.303393, 1.155686, -1.640308, 0.268056, 1.255074, -1.723492]
[-0.281928, 1.212645, -2.060693, 0.110516, 1.255114, -1.723968, -0.286835, 1.201232, -1.594826, 0.250299, 1.182292, -1.817455]
[-0.176011, 1.162882, -2.096647, 0.108072, 1.281857, -1.662703, -0.268614, 1.244063, -1.535053, 0.256006, 1.145983, -1.790994]
[-0.094805, 1.099771, -2.078524, 0.103789, 1.298598, -1.567838, -0.276092, 1.275905, -1.492118, 0.251581, 1.132799, -1.706703]
[-0.087358, 1.083519, -2.017137, 0.01603, 1.288797, -1.560675, -0.314823, 1.305471, -1.485248, 0.197183, 1.153546, -1.651413]
[-0.07415, 1.141738, -2.001007, 0.005395, 1.304684, -1.678408, -0.299627, 1.319879, -1.490842, 0.185966, 1.14803, -1.607951]
[-0.007708, 1.21171, -2.016386, 0.120093, 1.32042, -1.779797, -0.234556, 1.32107, -1.580935, 0.251929, 1.173315, -1.577315]
[0.047413, 1.277114, -1.984629, 0.238028, 1.331797, -1.81781, -0.232437, 1.313286, -1.699125, 0.322095, 1.22347, -1.556837]
[0.074862, 1.334631, -1.940473, 0.284741, 1.335219, -1.844051, -0.255797, 1.295174, -1.806617, 0.342355, 1.289511, -1.553474]
[0.05989, 1.381453, -1.893686, 0.294912, 1.303597, -1.91444, -0.279114, 1.239657, -1.919184, 0.301943, 1.36217, -1.537295]
[0.023308, 1.413679, -1.842517, 0.309831, 1.193523, -1.998624, -0.269011, 1.148667, -2.031038, 0.232709, 1.409314, -1.487003]
[0.013206, 1.430906, -1.765552, 0.329103, 1.038359, -2.061431, -0.24702, 1.058255, -2.072411, 0.210459, 1.436137, -1.415415]
[0.030794, 1.440236, -1.660186, 0.315303, 0.915523, -2.059444, -0.243667, 1.002485, -1.99491, 0.24735, 1.45846, -1.361286]
[0.018065, 1.449985, -1.606975, 0.228011, 0.853263, -1.884982, -0.211607, 1.003169, -1.852987, 0.243494, 1.445995, -1.35855]
[-0.078549, 1.474234, -1.61469, 0.12859, 0.905037, -1.956818, -0.227233, 1.025591, -1.772021, 0.13851, 1.373639, -1.406911]
[-0.164969, 1.463617, -1.692335, 0.079759, 0.962011, -1.992383, -0.263753, 1.037709, -1.728813, 0.136161, 1.327493, -1.447973]
[-0.234989, 1.437048, -1.751299, 0.071325, 1.041051, -1.968534, -0.288718, 1.077797, -1.691058, 0.240155, 1.334514, -1.467869]
[-0.273637, 1.381276, -1.797845, 0.082965, 1.105129, -1.899292, -0.28723, 1.113562, -1.646456, 0.30245, 1.311363, -1.465662]
[-0.316023, 1.310833, -1.863169, 0.113842, 1.158226, -1.820648, -0.228455, 1.166431, -1.621782, 0.297576, 1.289146, -1.511425]
[-0.339749, 1.27115, -1.959082, 0.121382, 1.209387, -1.758062, -0.209888, 1.228933, -1.592524, 0.279917, 1.228558, -1.661051]
[-0.324126, 1.227815, -2.055991, 0.112691, 1.260729, -1.713486, -0.20422, 1.295909, -1.554679, 0.266318, 1.133312, -1.802223]
[-0.247149, 1.152272, -2.108382, 0.111568, 1.308982, -1.663021, -0.183909, 1.350548, -1.491732, 0.267024, 1.083609, -1.817951]
[-0.161924, 1.063518, -2.100567, 0.103783, 1.342873, -1.590177, -0.183547, 1.377618, -1.426243, 0.260003, 1.080145, -1.744268]
[-0.103309, 1.032703, -2.047437, 0.056233, 1.353344, -1.508917, -0.227413, 1.386311, -1.429639, 0.211117, 1.079681, -1.670209]
[-0.076594, 1.099135, -2.073701, 0.083725, 1.337929, -1.560973, -0.2246, 1.371057, -1.477917, 0.214691, 1.057748, -1.617664]
[-0.020604, 1.193927, -2.08945, 0.165266, 1.318934, -1.699166, -0.188936, 1.36504, -1.571639, 0.275035, 1.091828, -1.604462]
[0.028284, 1.277292, -2.067613, 0.232129, 1.319396, -1.771716, -0.200495, 1.329538, -1.680275, 0.334316, 1.159179, -1.595761]
[0.045801, 1.35056, -2.044712, 0.281892, 1.318601, -1.802744, -0.231702, 1.301892, -1.764135, 0.332031, 1.239639, -1.58446]
[0.039976, 1.404246, -2.022958, 0.307641, 1.271991, -1.865607, -0.235542, 1.259397, -1.869083, 0.286924, 1.302655, -1.558214]
[0.027234, 1.43684, -1.973325, 0.310548, 1.164311, -1.961418, -0.238478, 1.187779, -1.987776, 0.255197, 1.33998, -1.516019]
[0.005768, 1.462385, -1.895527, 0.30836, 1.036936, -2.023969, -0.257438, 1.110826, -2.062372, 0.256351, 1.347454, -1.462427]
[-0.010237, 1.483872, -1.796198, 0.325579, 0.939713, -2.033141, -0.261004, 1.05254, -1.986178, 0.246219, 1.385923, -1.428425]
[0.003953, 1.493739, -1.710199, 0.317138, 0.884614, -1.931447, -0.228966, 1.057924, -1.902013, 0.227424, 1.425881, -1.408635]
[-0.029812, 1.448621, -1.706038, 0.272515, 0.907496, -1.893541, -0.206087, 1.027459, -1.807757, 0.167166, 1.389431, -1.432265]
[-0.180551, 1.384648, -1.766237, 0.190848, 0.975634, -1.921795, -0.281704, 1.052531, -1.763034, 0.143099, 1.347415, -1.514113]
[-0.279368, 1.325996, -1.801716, 0.156356, 1.042615, -1.908479, -0.315094, 1.090957, -1.726513, 0.254611, 1.306161, -1.585376]
[-0.307587, 1.269089, -1.810772, 0.163875, 1.102733, -1.881431, -0.321445, 1.101201, -1.684879, 0.279873, 1.26503, -1.551239]
[-0.308018, 1.237428, -1.849426, 0.16382, 1.155077, -1.848213, -0.343368, 1.12121, -1.647185, 0.26075, 1.226822, -1.537364]
[-0.305254, 1.243271, -1.926061, 0.143998, 1.204956, -1.818414, -0.373899, 1.16314, -1.624774, 0.239448, 1.227904, -1.635929]
[-0.279402, 1.219439, -2.002855, 0.12959, 1.252546, -1.794881, -0.386597, 1.201108, -1.589801, 0.262112, 1.190728, -1.73612]
[-0.221765, 1.171461, -2.060753, 0.125532, 1.295908, -1.7509, -0.38515, 1.247056, -1.545836, 0.284666, 1.148317, -1.786537]
[-0.179559, 1.137053, -2.075451, 0.12794, 1.327601, -1.682089, -0.380753, 1.292779, -1.493638, 0.286456, 1.130147, -1.774983]
[-0.159186, 1.127872, -2.050873, 0.104808, 1.340899, -1.618109, -0.386105, 1.333531, -1.457832, 0.270241, 1.148269, -1.735016]
[-0.049394, 1.169902, -1.988368, 0.055658, 1.349058, -1.620323, -0.373304, 1.35321, -1.463095, 0.239711, 1.143647, -1.680191]
[0.02226, 1.227623, -1.991065, 0.079938, 1.35427, -1.707031, -0.368647, 1.349093, -1.497196, 0.198853, 1.138164, -1.637202]
[0.080418, 1.275856, -2.006442, 0.216683, 1.346238, -1.772686, -0.300773, 1.328815, -1.618735, 0.22559, 1.183541, -1.628141]
[0.127612, 1.317895, -1.979154, 0.278954, 1.330101, -1.814353, -0.258832, 1.303593, -1.744885, 0.256809, 1.236441, -1.610942]
[0.135825, 1.363029, -1.94502, 0.284094, 1.304025, -1.852546, -0.26311, 1.278634, -1.848904, 0.267705, 1.276933, -1.583611]
[0.100298, 1.405246, -1.902146, 0.288883, 1.221253, -1.933748, -0.280164, 1.201092, -1.964358, 0.234157, 1.319522, -1.550689]
[0.046946, 1.440393, -1.843561, 0.306811, 1.081803, -2.022873, -0.275151, 1.103101, -2.048239, 0.181377, 1.357579, -1.50204]
[0.030365, 1.461285, -1.752378, 0.332577, 0.953827, -2.049026, -0.248734, 1.026017, -1.99627, 0.177591, 1.393104, -1.44111]
[0.027179, 1.477728, -1.661401, 0.273783, 0.870461, -1.950676, -0.235763, 0.998648, -1.86673, 0.199694, 1.412515, -1.403605]
[-0.004144, 1.484039, -1.633568, 0.206032, 0.881868, -1.94404, -0.243993, 1.00317, -1.811324, 0.164746, 1.367889, -1.432447]
[-0.125748, 1.458808, -1.70374, 0.143563, 0.943824, -1.994261, -0.2827, 1.01714, -1.756554, 0.15486, 1.332074, -1.501869]
[-0.252281, 1.386322, -1.777034, 0.128319, 1.019302, -1.971208, -0.293973, 1.047613, -1.723564, 0.234265, 1.333628, -1.552331]
[-0.306202, 1.306865, -1.804969, 0.126568, 1.08278, -1.902257, -0.317021, 1.083295, -1.695243, 0.280861, 1.29946, -1.534777]
[-0.310233, 1.245502, -1.840012, 0.129464, 1.141917, -1.835222, -0.340033, 1.135166, -1.667261, 0.287648, 1.260155, -1.527408]
[-0.324336, 1.239609, -1.913093, 0.117753, 1.18782, -1.811072, -0.346269, 1.175082, -1.63408, 0.264933, 1.280297, -1.609697]
[-0.307032, 1.245923, -1.990516, 0.09536, 1.224197, -1.806495, -0.338829, 1.205602, -1.591169, 0.250803, 1.219713, -1.720452]
[-0.231861, 1.205862, -2.052804, 0.085879, 1.261683, -1.777455, -0.320427, 1.251317, -1.546548, 0.268096, 1.173444, -1.788198]
[-0.149406, 1.144482, -2.072966, 0.08087, 1.29435, -1.706296, -0.326717, 1.293586, -1.493678, 0.279501, 1.1599, -1.777883]
[-0.104627, 1.100702, -2.050521, 0.062296, 1.31547, -1.620306, -0.357406, 1.329498, -1.457414, 0.25398, 1.13173, -1.716317]
[-0.068431, 1.100708, -1.997314, 0.01396, 1.328471, -1.592151, -0.37985, 1.354983, -1.440272, 0.217797, 1.132087, -1.662951]
[-0.046316, 1.161492, -2.03692, 0.056297, 1.364081, -1.684079, -0.316164, 1.340569, -1.470622, 0.234453, 1.127664, -1.62406]
[0.01046, 1.221685, -2.032705, 0.17625, 1.363997, -1.77691, -0.256711, 1.326958, -1.60063, 0.2972, 1.163441, -1.607639]
[0.049158, 1.279561, -1.986457, 0.26209, 1.350612, -1.819236, -0.257226, 1.310308, -1.720549, 0.350821, 1.219372, -1.590895]
[0.045528, 1.333552, -1.931803, 0.289217, 1.332186, -1.859016, -0.280103, 1.287194, -1.820094, 0.341885, 1.296966, -1.577772]
[0.008532, 1.37681, -1.892521, 0.307661, 1.257035, -1.933224, -0.273985, 1.208663, -1.931726, 0.278659, 1.355728, -1.540994]
[-0.029564, 1.407638, -1.841494, 0.31704, 1.106463, -2.025203, -0.253965, 1.107293, -2.031335, 0.227512, 1.381514, -1.479527]
[-0.037065, 1.427122, -1.745229, 0.330727, 0.963114, -2.077256, -0.244395, 1.033926, -2.014389, 0.247322, 1.39948, -1.424539]
[-0.03182, 1.440347, -1.656377, 0.299379, 0.878933, -1.995631, -0.238263, 0.999195, -1.888318, 0.277711, 1.417157, -1.387077]
[-0.046005, 1.445796, -1.630686, 0.258765, 0.884127, -1.864875, -0.228804, 1.003941, -1.81877, 0.234788, 1.376744, -1.395116]
[-0.16848, 1.414423, -1.690155, 0.203905, 0.941782, -1.929928, -0.276273, 1.027324, -1.732923, 0.140741, 1.308245, -1.445029]
[-0.270602, 1.353786, -1.761646, 0.164477, 1.009654, -1.942071, -0.312912, 1.065164, -1.692213, 0.175613, 1.280398, -1.489972]
[-0.296055, 1.319355, -1.788119, 0.133717, 1.071017, -1.930649, -0.350641, 1.094173, -1.659327, 0.255941, 1.268252, -1.478441]
[-0.273339, 1.294823, -1.812493, 0.116286, 1.126517, -1.879841, -0.383186, 1.139153, -1.633788, 0.284469, 1.230914, -1.452086]
[-0.280582, 1.315831, -1.885212, 0.125289, 1.183848, -1.827035, -0.386099, 1.20141, -1.614139, 0.286096, 1.212914, -1.51274]
[-0.300065, 1.286068, -1.980406, 0.145428, 1.235138, -1.782697, -0.358316, 1.261978, -1.578016, 0.256205, 1.19448, -1.646694]
[-0.263687, 1.195326, -2.065048, 0.154931, 1.278533, -1.729472, -0.333528, 1.317755, -1.526493, 0.241861, 1.151902, -1.761669]
[-0.206021, 1.111861, -2.102637, 0.160746, 1.317171, -1.64803, -0.327315, 1.370838, -1.46192, 0.268637, 1.13826, -1.794712]
[-0.133873, 1.058315, -2.081638, 0.158645, 1.33786, -1.550564, -0.332638, 1.401688, -1.426901, 0.256783, 1.137463, -1.744113]
[-0.068912, 1.067065, -2.022736, 0.085183, 1.340824, -1.540561, -0.347096, 1.39792, -1.430377, 0.188104, 1.137873, -1.679236]
[-0.02655, 1.132104, -2.052034, 0.096394, 1.356299, -1.649852, -0.296045, 1.386972, -1.483684, 0.182104, 1.120387, -1.628615]
[0.046677, 1.211341, -2.070948, 0.189814, 1.344781, -1.763945, -0.230718, 1.375184, -1.605594, 0.261814, 1.15665, -1.614561]
[0.090409, 1.28522, -2.044804, 0.253008, 1.332324, -1.81703, -0.246236, 1.331705, -1.720482, 0.313714, 1.216838, -1.597306]
[0.07775, 1.349797, -2.00919, 0.289034, 1.324453, -1.84868, -0.269441, 1.291296, -1.815461, 0.279148, 1.290228, -1.572822]
[0.054247, 1.39615, -1.975949, 0.325148, 1.261155, -1.922021, -0.254256, 1.215407, -1.925425, 0.212163, 1.352068, -1.533927]
[0.044475, 1.425578, -1.918217, 0.327421, 1.115175, -2.02848, -0.238765, 1.126203, -2.023805, 0.184096, 1.389605, -1.479704]
[0.039931, 1.447843, -1.82262, 0.316243, 0.970065, -2.085708, -0.251842, 1.055202, -2.01076, 0.202622, 1.417927, -1.438128]
[0.032105, 1.474764, -1.737329, 0.294302, 0.886483, -1.952975, -0.235843, 1.025677, -1.881826, 0.2136, 1.450579, -1.416599]
[-0.025073, 1.495248, -1.702323, 0.233197, 0.944319, -1.988558, -0.258793, 1.047777, -1.821098, 0.152819, 1.415276, -1.388407]
[-0.14989, 1.483125, -1.741055, 0.185588, 0.997865, -2.015232, -0.300081, 1.046143, -1.760147, 0.13066, 1.388646, -1.445947]
[-0.275158, 1.444376, -1.786537, 0.169965, 1.061215, -1.974489, -0.332949, 1.071745, -1.71717, 0.223223, 1.394435, -1.498274]
[-0.307795, 1.381425, -1.805941, 0.147685, 1.113752, -1.899637, -0.377648, 1.106185, -1.676998, 0.287243, 1.359736, -1.49336]
[-0.307184, 1.324671, -1.827165, 0.140876, 1.162631, -1.83566, -0.388053, 1.161156, -1.650665, 0.306131, 1.315579, -1.479877]
[-0.308159, 1.286603, -1.875184, 0.145154, 1.206819, -1.792941, -0.369106, 1.224396, -1.621138, 0.278171, 1.275592, -1.53833]
[-0.316451, 1.287169, -1.959699, 0.135747, 1.244532, -1.766663, -0.359969, 1.265758, -1.580674, 0.253849, 1.292813, -1.659298]
[-0.271404, 1.256265, -2.033091, 0.137419, 1.278126, -1.7262, -0.353615, 1.288031, -1.525905, 0.265963, 1.265738, -1.773725]
[-0.201034, 1.175784, -2.080455, 0.144246, 1.310109, -1.652278, -0.364748, 1.3162, -1.469668, 0.281409, 1.229557, -1.815918]
[-0.141401, 1.114384, -2.08627, 0.133139, 1.332248, -1.561711, -0.396135, 1.350231, -1.413518, 0.268737, 1.175269, -1.789088]
[-0.052638, 1.091379, -2.037337, 0.076248, 1.349708, -1.515215, -0.420862, 1.397721, -1.386619, 0.232847, 1.117075, -1.709808]
[-0.02233, 1.127915, -2.042455, 0.046631, 1.367837, -1.632804, -0.382116, 1.408041, -1.411419, 0.203386, 1.085494, -1.64054]
[0.04364, 1.187874, -2.06314, 0.120846, 1.353755, -1.751606, -0.291555, 1.37746, -1.553345, 0.272713, 1.099212, -1.616266]
[0.099625, 1.257517, -2.055503, 0.224304, 1.344843, -1.797605, -0.26077, 1.338491, -1.698253, 0.337097, 1.145356, -1.604074]
[0.101217, 1.33027, -2.038302, 0.277706, 1.335079, -1.816091, -0.270575, 1.31096, -1.78842, 0.325803, 1.211329, -1.599468]
[0.071011, 1.392923, -2.014501, 0.292451, 1.299188, -1.87778, -0.262073, 1.258536, -1.893039, 0.26977, 1.283307, -1.582492]
[0.04203, 1.438998, -1.973335, 0.305985, 1.181941, -1.972858, -0.242302, 1.177524, -2.008333, 0.218222, 1.341498, -1.54627]
[0.019487, 1.475029, -1.908901, 0.30489, 1.038449, -2.045371, -0.246663, 1.099744, -2.077523, 0.206457, 1.361085, -1.481683]
[0.016832, 1.500944, -1.803237, 0.31601, 0.931372, -2.06787, -0.250587, 1.047731, -2.008764, 0.223959, 1.405897, -1.443475]
[0.034109, 1.507493, -1.719642, 0.280228, 0.873965, -1.966627, -0.230667, 1.067931, -1.939545, 0.241674, 1.454009, -1.425365]
[0.024123, 1.467904, -1.714152, 0.216594, 0.886692, -1.852681, -0.203356, 1.042347, -1.845743, 0.210898, 1.436081, -1.43503]
[-0.124308, 1.433002, -1.765754, 0.162108, 0.949846, -1.896144, -0.258937, 1.040204, -1.774275, 0.176283, 1.395471, -1.497287]
[-0.264065, 1.372019, -1.797827, 0.148996, 1.015082, -1.88842, -0.273649, 1.058724, -1.730101, 0.248831, 1.351094, -1.536005]
[-0.312457, 1.316931, -1.800417, 0.15049, 1.073577, -1.869292, -0.278758, 1.073057, -1.699134, 0.271592, 1.305629, -1.518805]
[-0.300465, 1.282393, -1.845417, 0.126565, 1.118337, -1.824976, -0.312532, 1.112379, -1.672071, 0.24461, 1.318118, -1.522091]
[-0.296531, 1.285114, -1.932561, 0.096412, 1.151613, -1.79687, -0.336695, 1.146757, -1.644581, 0.240027, 1.298202, -1.640078]
[-0.269834, 1.266509, -2.010381, 0.080065, 1.188237, -1.764213, -0.351174, 1.179752, -1.610408, 0.267242, 1.241676, -1.761915]
[-0.203658, 1.218485, -2.062627, 0.081406, 1.225063, -1.708016, -0.356892, 1.215653, -1.567471, 0.282414, 1.19282, -1.801755]
[-0.148829, 1.171207, -2.073306, 0.077455, 1.255828, -1.640282, -0.366914, 1.253534, -1.51917, 0.278933, 1.149842, -1.774941]
[-0.123332, 1.134091, -2.041555, 0.048333, 1.269491, -1.582463, -0.37148, 1.29191, -1.473683, 0.256909, 1.132883, -1.723781]
[-0.065601, 1.132868, -1.988378, -0.002507, 1.266574, -1.565812, -0.358736, 1.319285, -1.460389, 0.220559, 1.102651, -1.652071]
[-0.020016, 1.179268, -1.99034, 0.055927, 1.30221, -1.652247, -0.328742, 1.301539, -1.502915, 0.205293, 1.097113, -1.615311]
[0.030222, 1.242199, -1.997847, 0.226476, 1.321305, -1.751708, -0.27971, 1.290522, -1.637388, 0.248295, 1.148752, -1.611211]
[0.077754, 1.297878, -1.958422, 0.300554, 1.324843, -1.81837, -0.266647, 1.283169, -1.757652, 0.297469, 1.217612, -1.602599]
[0.084667, 1.35085, -1.91698, 0.292843, 1.312665, -1.883382, -0.28382, 1.248758, -1.860745, 0.296878, 1.283725, -1.582636]
[0.046397, 1.394872, -1.87909, 0.298902, 1.230775, -1.972848, -0.282911, 1.158169, -1.9775, 0.228937, 1.339617, -1.539947]
[0.016855, 1.422443, -1.817445, 0.32456, 1.079417, -2.053774, -0.249844, 1.066265, -2.052453, 0.174602, 1.377184, -1.475192]
[0.033612, 1.436225, -1.713672, 0.327598, 0.941568, -2.076395, -0.231477, 1.013508, -2.006453, 0.208248, 1.404259, -1.417661]
[0.030545, 1.445968, -1.633495, 0.233587, 0.860049, -1.961818, -0.239361, 1.000371, -1.878245, 0.23614, 1.409296, -1.404314]
[0.00465, 1.45894, -1.62526, 0.155169, 0.868987, -1.909991, -0.224929, 1.015609, -1.809931, 0.217608, 1.363236, -1.438985]
[-0.091032, 1.424363, -1.705253, 0.103333, 0.930362, -1.956466, -0.258401, 1.029315, -1.757696, 0.164776, 1.335969, -1.474504]
[-0.222067, 1.354715, -1.774148, 0.085648, 0.998742, -1.938357, -0.283134, 1.056742, -1.716037, 0.207559, 1.356037, -1.508216]
[-0.302383, 1.308087, -1.792862, 0.087435, 1.060298, -1.889366, -0.305607, 1.075774, -1.690224, 0.274087, 1.333612, -1.501357]
[-0.303369, 1.266317, -1.818957, 0.082394, 1.114206, -1.818098, -0.341178, 1.124124, -1.665073, 0.28902, 1.288588, -1.498452]
[-0.300506, 1.255768, -1.892708, 0.07631, 1.162014, -1.769027, -0.356833, 1.174799, -1.638258, 0.27422, 1.217896, -1.59174]
[-0.291037, 1.247123, -1.989025, 0.078118, 1.203411, -1.741638, -0.341944, 1.213053, -1.595475, 0.250394, 1.14519, -1.711133]
[-0.229315, 1.199033, -2.062575, 0.089265, 1.240974, -1.706042, -0.308492, 1.251688, -1.540647, 0.253909, 1.115327, -1.767489]
[-0.156699, 1.148483, -2.084088, 0.084844, 1.271092, -1.641991, -0.298527, 1.297528, -1.483449, 0.26779, 1.121591, -1.751525]
[-0.106602, 1.110657, -2.055892, 0.060095, 1.287242, -1.556919, -0.31413, 1.339723, -1.45602, 0.242759, 1.110775, -1.688707]
[-0.05209, 1.098473, -1.984939, 0.015671, 1.298993, -1.523601, -0.334066, 1.362776, -1.463454, 0.184419, 1.088606, -1.622197]
[-0.013271, 1.140897, -1.96543, 0.029211, 1.339828, -1.65276, -0.321347, 1.349885, -1.485152, 0.165164, 1.096005, -1.586895]
[0.060037, 1.202592, -1.982025, 0.157766, 1.331437, -1.773704, -0.255729, 1.340988, -1.592477, 0.223608, 1.144624, -1.582314]
[0.113376, 1.262303, -1.956678, 0.251108, 1.32322, -1.81964, -0.246059, 1.317013, -1.718078, 0.282637, 1.197973, -1.570472]
[0.115184, 1.32504, -1.920833, 0.277434, 1.314437, -1.852156, -0.269656, 1.296822, -1.821633, 0.28988, 1.260475, -1.558827]
[0.073832, 1.381975, -1.890356, 0.293417, 1.251698, -1.92879, -0.27991, 1.220255, -1.944681, 0.23947, 1.31616, -1.529912]
[0.027294, 1.424539, -1.846707, 0.310564, 1.116874, -2.02426, -0.261836, 1.113457, -2.048268, 0.173757, 1.363942, -1.482663]
[0.023828, 1.448007, -1.767807, 0.33221, 0.974096, -2.067932, -0.233749, 1.031693, -2.031388, 0.166255, 1.40101, -1.419923]
[0.0391, 1.463215, -1.673248, 0.296088, 0.879235, -2.003921, -0.227597, 0.994788, -1.904358, 0.202536, 1.42394, -1.383268]
[0.00527, 1.485957, -1.630942, 0.222103, 0.883334, -1.971814, -0.22881, 1.01045, -1.796779, 0.184912, 1.38662, -1.40873]
[-0.114861, 1.465564, -1.694653, 0.141584, 0.936269, -2.027326, -0.272469, 1.031685, -1.753334, 0.143844, 1.32771, -1.466576]
[-0.226593, 1.386057, -1.771106, 0.108965, 1.003016, -2.011061, -0.293228, 1.072601, -1.71155, 0.209649, 1.323035, -1.513325]
[-0.300981, 1.308577, -1.799858, 0.122379, 1.074009, -1.952151, -0.309242, 1.090506, -1.674418, 0.273926, 1.312738, -1.502446]
[-0.309156, 1.249273, -1.827975, 0.133139, 1.136888, -1.869891, -0.334279, 1.120182, -1.649077, 0.286789, 1.286467, -1.492077]
[-0.314872, 1.230259, -1.890364, 0.138157, 1.193562, -1.810328, -0.350994, 1.165733, -1.621866, 0.281406, 1.243503, -1.570888]
[-0.312148, 1.214415, -1.978993, 0.13866, 1.24519, -1.782507, -0.344371, 1.215752, -1.588104, 0.257756, 1.17646, -1.700138]
[-0.264609, 1.170023, -2.058827, 0.140527, 1.290905, -1.755526, -0.314917, 1.269804, -1.542401, 0.250311, 1.117964, -1.77537]
[-0.188736, 1.12049, -2.087916, 0.136916, 1.325674, -1.695061, -0.298514, 1.319498, -1.481764, 0.268356, 1.116319, -1.767997]
[-0.134261, 1.08073, -2.067095, 0.12186, 1.341644, -1.609396, -0.299884, 1.345958, -1.471557, 0.259378, 1.145835, -1.722044]
[-0.083538, 1.109111, -2.008732, 0.057349, 1.327536, -1.597336, -0.315, 1.345304, -1.488126, 0.21539, 1.15478, -1.657942]
[-0.003586, 1.171912, -1.949154, 0.043982, 1.329728, -1.708116, -0.318046, 1.338355, -1.503733, 0.161148, 1.173698, -1.630111]
[0.06042, 1.237164, -1.986874, 0.153021, 1.331386, -1.783147, -0.262519, 1.324111, -1.561614, 0.193213, 1.220268, -1.620338]
[0.119027, 1.28941, -1.979022, 0.236684, 1.321514, -1.820887, -0.223446, 1.308132, -1.682947, 0.232331, 1.266057, -1.597777]
[0.145806, 1.336833, -1.943718, 0.280096, 1.313746, -1.849753, -0.237584, 1.291529, -1.799634, 0.263384, 1.30448, -1.56682]
[0.122859, 1.382155, -1.896105, 0.292118, 1.267374, -1.918291, -0.278006, 1.238867, -1.921607, 0.245243, 1.351692, -1.537765]
[0.065047, 1.422705, -1.846624, 0.309422, 1.147412, -2.006712, -0.287728, 1.149082, -2.032065, 0.181935, 1.393953, -1.492735]
[0.029432, 1.447376, -1.768268, 0.330997, 0.998645, -2.065245, -0.263246, 1.052843, -2.03112, 0.137455, 1.439734, -1.434963]
[0.034606, 1.46033, -1.670696, 0.324624, 0.891385, -2.00985, -0.230226, 0.99455, -1.910934, 0.149006, 1.477291, -1.37434]
[-0.016166, 1.457342, -1.638726, 0.250355, 0.87611, -1.922689, -0.228976, 1.002281, -1.815844, 0.159382, 1.449099, -1.368819]
[-0.131445, 1.454958, -1.693354, 0.152903, 0.924561, -2.00251, -0.281456, 1.01517, -1.765358, 0.128021, 1.351669, -1.44565]
[-0.223308, 1.400424, -1.761663, 0.116665, 0.991242, -2.014291, -0.289399, 1.050349, -1.714995, 0.203757, 1.305678, -1.511314]
[-0.300668, 1.324684, -1.790147, 0.127896, 1.066283, -1.984918, -0.287173, 1.070087, -1.681923, 0.267516, 1.300838, -1.508523]
[-0.300258, 1.251388, -1.817223, 0.120356, 1.129656, -1.912929, -0.320742, 1.112223, -1.660198, 0.278022, 1.273956, -1.49105]
[-0.301029, 1.222199, -1.875034, 0.098218, 1.188881, -1.854461, -0.346119, 1.166433, -1.63494, 0.282841, 1.236831, -1.552588]
[-0.307459, 1.208624, -1.95735, 0.099607, 1.241183, -1.824528, -0.337701, 1.210984, -1.598677, 0.257558, 1.183788, -1.673417]
[-0.276536, 1.175465, -2.038521, 0.103713, 1.289092, -1.802845, -0.312508, 1.256321, -1.55424, 0.242539, 1.123271, -1.766057]
[-0.202732, 1.12832, -2.079973, 0.094984, 1.329162, -1.757074, -0.299728, 1.30317, -1.498087, 0.262245, 1.099894, -1.780252]
[-0.123849, 1.079179, -2.07208, 0.075883, 1.353095, -1.680687, -0.301952, 1.342569, -1.469945, 0.263631, 1.097607, -1.732236]
[-0.077171, 1.075793, -2.02148, 0.038858, 1.35954, -1.6024, -0.323016, 1.365265, -1.479667, 0.221056, 1.093307, -1.663273]
[-0.009195, 1.124305, -1.966259, 0.016497, 1.368758, -1.673704, -0.324361, 1.356257, -1.489993, 0.16311, 1.090107, -1.615002]
[0.053475, 1.194686, -1.998483, 0.116081, 1.356426, -1.778055, -0.260449, 1.348525, -1.582886, 0.217792, 1.120921, -1.604958]
[0.101828, 1.268003, -1.982117, 0.224862, 1.344014, -1.82385, -0.247704, 1.316728, -1.711073, 0.283218, 1.172786, -1.593984]
[0.103779, 1.339615, -1.952813, 0.277366, 1.335796, -1.848704, -0.266771, 1.288943, -1.805635, 0.292991, 1.234037, -1.582757]
[0.068832, 1.397676, -1.910185, 0.296774, 1.298063, -1.912213, -0.277746, 1.230773, -1.910714, 0.250564, 1.304841, -1.559978]
[0.031208, 1.436226, -1.858586, 0.319129, 1.18576, -2.003212, -0.252902, 1.144014, -2.023933, 0.189545, 1.364542, -1.518897]
[0.024637, 1.457534, -1.782925, 0.328675, 1.028703, -2.067692, -0.233618, 1.062788, -2.066808, 0.180323, 1.392663, -1.453913]
[0.039204, 1.468811, -1.678813, 0.307739, 0.910909, -2.065448, -0.239563, 1.014031, -1.984891, 0.214901, 1.416598, -1.416204]
[0.035507, 1.475133, -1.625062, 0.224589, 0.850798, -1.884688, -0.200676, 1.021221, -1.844331, 0.227234, 1.413451, -1.415946]
[-0.03066, 1.486792, -1.627441, 0.151586, 0.904247, -1.946645, -0.238268, 1.029132, -1.796764, 0.162486, 1.362697, -1.426496]
[-0.118375, 1.502959, -1.678674, 0.105265, 0.957367, -1.978638, -0.285491, 1.020286, -1.739831, 0.160149, 1.340523, -1.463253]
[-0.18728, 1.510282, -1.705831, 0.086724, 1.02477, -1.950412, -0.343895, 1.021024, -1.68694, 0.249134, 1.35904, -1.472269]
[-0.244799, 1.459312, -1.762959, 0.081513, 1.07814, -1.880742, -0.361667, 1.050066, -1.672823, 0.313467, 1.344268, -1.455763]
[-0.294087, 1.375193, -1.843205, 0.09659, 1.133329, -1.797687, -0.345016, 1.126945, -1.664824, 0.324608, 1.329015, -1.500168]
[-0.32005, 1.323619, -1.943565, 0.117082, 1.181688, -1.742976, -0.301302, 1.213116, -1.638252, 0.295481, 1.255285, -1.626806]
[-0.339274, 1.29587, -2.048263, 0.107627, 1.214092, -1.71014, -0.264775, 1.273498, -1.591941, 0.276491, 1.225392, -1.782323]
[-0.275471, 1.250936, -2.091608, 0.097101, 1.237003, -1.659951, -0.238049, 1.305549, -1.519801, 0.274972, 1.187328, -1.848327]
[-0.18206, 1.154622, -2.080584, 0.096271, 1.256372, -1.568414, -0.239742, 1.328858, -1.471719, 0.274632, 1.165176, -1.789801]
[-0.148042, 1.062455, -2.042652, 0.047995, 1.253568, -1.472265, -0.284778, 1.339374, -1.443669, 0.220659, 1.181478, -1.722739]
[-0.084731, 1.042117, -1.967972, -0.039692, 1.261496, -1.519702, -0.31427, 1.344977, -1.426074, 0.193106, 1.136388, -1.637916]
[-0.004971, 1.101016, -1.999344, 0.027552, 1.274798, -1.674933, -0.271881, 1.332118, -1.463033, 0.20591, 1.145791, -1.60532]
[0.062886, 1.186536, -2.029461, 0.164123, 1.300708, -1.782065, -0.25177, 1.316678, -1.575795, 0.267362, 1.199601, -1.59677]
[0.093085, 1.265294, -2.016198, 0.244122, 1.318418, -1.825857, -0.22558, 1.297632, -1.702539, 0.301196, 1.250253, -1.572822]
[0.094586, 1.333313, -1.964456, 0.277838, 1.315412, -1.896523, -0.24565, 1.26562, -1.838296, 0.295572, 1.327798, -1.5562]
[0.071857, 1.382167, -1.909753, 0.302118, 1.238307, -1.987841, -0.277297, 1.231035, -1.956591, 0.255259, 1.386211, -1.51435]
[0.039649, 1.413745, -1.844805, 0.30319, 1.103569, -2.055222, -0.28334, 1.107927, -2.063291, 0.197256, 1.426096, -1.447811]
[0.033135, 1.435183, -1.757789, 0.317119, 0.96818, -2.071036, -0.256043, 1.014521, -2.03525, 0.170894, 1.468501, -1.373291]
[0.047341, 1.452147, -1.667553, 0.269818, 0.869283, -1.998712, -0.230689, 0.989936, -1.93578, 0.191749, 1.491662, -1.326031]
[0.003651, 1.417731, -1.653452, 0.163007, 0.851976, -1.785662, -0.210244, 0.98489, -1.862239, 0.176271, 1.398137, -1.393931]
[-0.111625, 1.35349, -1.717962, 0.119399, 0.928335, -1.892324, -0.222784, 0.990402, -1.796014, 0.156286, 1.314517, -1.482591]
[-0.208359, 1.304904, -1.758004, 0.074002, 0.992937, -1.90764, -0.206304, 0.992233, -1.779003, 0.202763, 1.270135, -1.525569]
[-0.296088, 1.30724, -1.781896, 0.045297, 1.049105, -1.883878, -0.227412, 1.041536, -1.752767, 0.268028, 1.25073, -1.502779]
[-0.290338, 1.292384, -1.826746, 0.017307, 1.08598, -1.823562, -0.261686, 1.084755, -1.722024, 0.281221, 1.215116, -1.52032]
[-0.279478, 1.28468, -1.898384, 0.003074, 1.121845, -1.765415, -0.285539, 1.126342, -1.691474, 0.272876, 1.181941, -1.617172]
[-0.274043, 1.272239, -1.995383, 0.003178, 1.15671, -1.715707, -0.28439, 1.163825, -1.649816, 0.256408, 1.143489, -1.717891]
[-0.237865, 1.212335, -2.071867, 0.010176, 1.187097, -1.657189, -0.264087, 1.204318, -1.594959, 0.252734, 1.107433, -1.764256]
[-0.173249, 1.138284, -2.091976, -0.000492, 1.207997, -1.573646, -0.25764, 1.260286, -1.540989, 0.261389, 1.081701, -1.755166]
[-0.089759, 1.077111, -2.056947, -0.030814, 1.217193, -1.472799, -0.276717, 1.318186, -1.489656, 0.248335, 1.050761, -1.688652]
[-0.009765, 1.04381, -1.967504, -0.053798, 1.237305, -1.486437, -0.303528, 1.347773, -1.480431, 0.179315, 1.015226, -1.606317]
[0.053509, 1.123196, -1.995367, 0.033221, 1.265981, -1.628646, -0.265589, 1.345553, -1.573895, 0.163355, 0.995161, -1.553265]
[0.128517, 1.212775, -1.987195, 0.113981, 1.281955, -1.754631, -0.251914, 1.310376, -1.691575, 0.2372, 1.070785, -1.574028]
[0.146735, 1.296635, -1.968617, 0.210998, 1.295075, -1.793693, -0.25871, 1.273758, -1.763661, 0.258804, 1.142103, -1.581563]
[0.121811, 1.370548, -1.931914, 0.278301, 1.297619, -1.854006, -0.271932, 1.224076, -1.855867, 0.220218, 1.225959, -1.582687]
[0.084459, 1.428717, -1.881289, 0.308904, 1.243211, -1.949401, -0.263687, 1.160131, -1.979769, 0.169709, 1.309217, -1.561481]
[0.064505, 1.465013, -1.81578, 0.315752, 1.112639, -2.026939, -0.242327, 1.09215, -2.074041, 0.132689, 1.372464, -1.518702]
[0.073248, 1.484282, -1.730919, 0.313641, 0.976018, -2.073718, -0.237281, 1.032445, -2.063724, 0.133146, 1.420613, -1.462344]
[0.080547, 1.497784, -1.651673, 0.251837, 0.88572, -2.031465, -0.240953, 1.020781, -1.942688, 0.147, 1.463783, -1.444765]
[0.086712, 1.50723, -1.61789, 0.133658, 0.852978, -1.832301, -0.211933, 1.041385, -1.86609, 0.1672, 1.455253, -1.440315]
[-0.000353, 1.47846, -1.683708, 0.071913, 0.911923, -1.908448, -0.214259, 1.028394, -1.799187, 0.147284, 1.397576, -1.484654]
[-0.142128, 1.382909, -1.744871, 0.053721, 0.989365, -1.951675, -0.203627, 1.050042, -1.767163, 0.200351, 1.373871, -1.511421]
[-0.271107, 1.319909, -1.772125, 0.074884, 1.066894, -1.921059, -0.206346, 1.084922, -1.740835, 0.240589, 1.344711, -1.501969]
[-0.2999, 1.283714, -1.803376, 0.069936, 1.117411, -1.836989, -0.256769, 1.120993, -1.712458, 0.264022, 1.299777, -1.537739]
[-0.303815, 1.268869, -1.878445, 0.058073, 1.160419, -1.771194, -0.295834, 1.158872, -1.681531, 0.27737, 1.232, -1.606711]
[-0.29898, 1.267868, -1.975734, 0.052485, 1.198708, -1.736304, -0.299043, 1.189798, -1.638621, 0.264425, 1.155239, -1.696594]
[-0.261887, 1.235001, -2.059429, 0.052228, 1.231035, -1.702287, -0.27579, 1.225087, -1.585862, 0.259821, 1.104946, -1.755618]
[-0.201069, 1.194195, -2.086377, 0.042671, 1.256656, -1.644855, -0.259036, 1.27308, -1.531238, 0.269719, 1.102859, -1.752292]
[-0.139405, 1.148145, -2.060318, 0.017932, 1.269897, -1.55976, -0.263576, 1.319847, -1.51291, 0.261595, 1.096683, -1.707111]
[-0.079262, 1.122175, -2.000914, -0.011198, 1.276754, -1.479531, -0.289439, 1.339419, -1.503103, 0.220861, 1.079453, -1.63919]
[-0.007334, 1.139259, -1.916318, -0.007579, 1.305705, -1.57857, -0.300791, 1.318453, -1.510968, 0.163661, 1.087095, -1.599703]
[0.045531, 1.206001, -1.944167, 0.136154, 1.308754, -1.722475, -0.291735, 1.312527, -1.568115, 0.144103, 1.11479, -1.586513]
[0.112263, 1.273606, -1.955537, 0.240477, 1.296574, -1.800931, -0.249351, 1.305337, -1.682473, 0.191377, 1.176808, -1.58584]
[0.150819, 1.328617, -1.916224, 0.267394, 1.302132, -1.859533, -0.243723, 1.283012, -1.800537, 0.230662, 1.240343, -1.569971]
[0.136378, 1.377813, -1.864349, 0.281379, 1.271973, -1.93401, -0.273603, 1.217205, -1.923117, 0.20261, 1.304243, -1.548379]
[0.087233, 1.42175, -1.809876, 0.304158, 1.168156, -2.019488, -0.284527, 1.116314, -2.034768, 0.136377, 1.358581, -1.502994]
[0.063959, 1.448217, -1.729144, 0.32185, 1.018636, -2.075381, -0.254062, 1.026349, -2.053959, 0.094176, 1.41603, -1.446664]
[0.083883, 1.460589, -1.62879, 0.289295, 0.9015, -2.048769, -0.229543, 0.986484, -1.953215, 0.118995, 1.457191, -1.398269]
[0.037977, 1.457663, -1.59612, 0.154422, 0.842821, -1.853628, -0.223833, 1.00848, -1.834071, 0.153954, 1.432651, -1.408202]
[-0.06379, 1.445109, -1.658065, 0.074191, 0.900165, -1.967115, -0.247344, 1.027065, -1.791856, 0.118723, 1.338756, -1.447944]
[-0.165514, 1.375208, -1.724701, 0.043668, 0.971118, -1.997969, -0.243208, 1.070304, -1.748276, 0.166344, 1.313428, -1.485684]
[-0.277372, 1.32173, -1.761424, 0.074675, 1.052363, -1.965365, -0.236981, 1.091811, -1.722957, 0.247406, 1.319745, -1.508318]
[-0.30438, 1.278465, -1.797704, 0.074894, 1.108543, -1.879098, -0.279619, 1.125681, -1.697985, 0.274008, 1.29056, -1.526692]
[-0.308026, 1.255038, -1.864277, 0.065746, 1.157612, -1.809422, -0.314736, 1.167865, -1.662852, 0.287912, 1.239362, -1.583934]
[-0.30382, 1.241738, -1.960473, 0.06315, 1.202029, -1.774769, -0.310682, 1.205071, -1.617498, 0.273521, 1.159015, -1.685192]
[-0.260372, 1.194841, -2.052304, 0.06344, 1.237585, -1.743437, -0.28079, 1.242715, -1.561971, 0.254955, 1.091079, -1.758125]
[-0.180438, 1.145574, -2.093008, 0.050358, 1.264557, -1.685397, -0.265691, 1.286647, -1.500993, 0.255325, 1.075415, -1.761563]
[-0.10107, 1.100434, -2.079215, 0.025746, 1.279784, -1.595821, -0.275516, 1.32663, -1.463385, 0.250154, 1.075652, -1.707224]
[-0.052323, 1.065885, -2.018878, -0.009768, 1.285882, -1.501371, -0.303133, 1.342696, -1.475401, 0.203046, 1.047455, -1.631416]
[-0.013554, 1.091752, -1.960852, -0.022881, 1.32451, -1.615257, -0.307411, 1.348779, -1.482458, 0.174045, 1.054094, -1.591806]
[0.057347, 1.170165, -1.991639, 0.08485, 1.311199, -1.759111, -0.248557, 1.332828, -1.597937, 0.237181, 1.103927, -1.587093]
[0.109038, 1.245387, -1.972517, 0.194815, 1.30986, -1.817845, -0.242922, 1.302494, -1.720987, 0.30193, 1.158468, -1.569973]
[0.110066, 1.316628, -1.941579, 0.261477, 1.316609, -1.842738, -0.261668, 1.284148, -1.809603, 0.295051, 1.221965, -1.562211]
[0.083015, 1.375091, -1.900348, 0.296046, 1.287562, -1.915599, -0.270926, 1.224297, -1.919402, 0.22966, 1.298319, -1.552172]
[0.055226, 1.417283, -1.843639, 0.309426, 1.186695, -2.017596, -0.263378, 1.134825, -2.035106, 0.174104, 1.360158, -1.509447]
[0.043797, 1.442176, -1.766871, 0.315606, 1.039129, -2.085771, -0.252561, 1.048145, -2.07698, 0.138416, 1.409092, -1.445268]
[0.060669, 1.455742, -1.669482, 0.299575, 0.917588, -2.077072, -0.238179, 1.001898, -1.987879, 0.148688, 1.454109, -1.400139]
[0.045761, 1.462098, -1.615188, 0.186078, 0.845052, -1.904875, -0.204537, 1.005913, -1.843149, 0.168457, 1.445103, -1.390455]
[-0.057243, 1.450399, -1.663222, 0.10348, 0.896922, -1.992523, -0.24032, 1.024812, -1.803334, 0.127504, 1.350778, -1.439064]
[-0.170163, 1.404768, -1.73745, 0.05669, 0.959209, -2.016677, -0.25554, 1.060666, -1.760353, 0.172763, 1.309925, -1.489522]
[-0.279239, 1.346124, -1.778666, 0.078343, 1.039904, -1.983179, -0.253965, 1.087858, -1.722729, 0.252822, 1.322791, -1.512524]
[-0.301794, 1.28519, -1.806956, 0.087256, 1.099702, -1.900845, -0.279616, 1.1133, -1.691144, 0.278835, 1.29791, -1.502067]
[-0.309612, 1.246932, -1.860076, 0.089484, 1.153459, -1.829307, -0.302623, 1.160315, -1.657949, 0.291328, 1.257588, -1.545476]
[-0.312396, 1.237157, -1.946513, 0.092366, 1.20354, -1.789932, -0.296959, 1.208408, -1.62002, 0.269132, 1.192886, -1.660139]
[-0.283342, 1.204351, -2.037632, 0.093875, 1.247721, -1.763064, -0.272459, 1.249682, -1.569053, 0.243833, 1.12386, -1.753964]
[-0.206444, 1.147148, -2.087332, 0.089399, 1.285273, -1.713986, -0.255486, 1.291333, -1.507825, 0.254086, 1.09953, -1.772217]
[-0.127915, 1.095078, -2.083667, 0.073293, 1.310745, -1.630863, -0.263754, 1.326951, -1.464795, 0.259166, 1.101605, -1.730137]
[-0.084325, 1.077043, -2.034339, 0.032389, 1.320605, -1.535492, -0.300464, 1.35454, -1.458083, 0.213255, 1.081218, -1.658157]
[-0.009618, 1.104868, -1.950252, -0.016906, 1.345774, -1.632152, -0.308176, 1.355244, -1.453965, 0.170747, 1.087028, -1.605419]
[0.04857, 1.181881, -2.000766, 0.050624, 1.332807, -1.760041, -0.249238, 1.337591, -1.544249, 0.215299, 1.1104, -1.587386]
[0.110202, 1.258624, -2.000139, 0.173255, 1.327434, -1.813036, -0.225788, 1.305515, -1.680936, 0.290735, 1.156017, -1.575394]
[0.122012, 1.333113, -1.974432, 0.264106, 1.332535, -1.836869, -0.252763, 1.290309, -1.78297, 0.311053, 1.218015, -1.570066]
[0.091634, 1.39358, -1.92828, 0.294943, 1.31348, -1.895409, -0.276176, 1.248564, -1.892873, 0.267153, 1.298467, -1.561439]
[0.051997, 1.435881, -1.875676, 0.316183, 1.217831, -1.983367, -0.263126, 1.168821, -2.012541, 0.203367, 1.364614, -1.525906]
[0.036444, 1.459607, -1.805248, 0.3248, 1.062832, -2.055751, -0.242993, 1.079031, -2.081785, 0.171929, 1.402912, -1.463802]
[0.051737, 1.470689, -1.706259, 0.319782, 0.934146, -2.072224, -0.239494, 1.02181, -2.021165, 0.195256, 1.431016, -1.417235]
[0.051642, 1.476419, -1.640549, 0.227233, 0.858056, -1.943981, -0.227543, 1.019268, -1.881355, 0.2113, 1.441754, -1.40684]
[-0.028344, 1.498804, -1.635482, 0.123555, 0.903592, -1.988657, -0.250881, 1.039547, -1.801302, 0.147791, 1.381125, -1.417797]
[-0.128882, 1.472329, -1.713862, 0.077731, 0.958599, -2.032292, -0.278159, 1.044495, -1.74972, 0.151789, 1.346639, -1.458789]
[-0.243997, 1.39457, -1.774996, 0.076135, 1.033462, -2.004686, -0.295746, 1.077361, -1.706667, 0.237388, 1.364505, -1.503809]
[-0.293995, 1.314667, -1.800628, 0.085953, 1.094941, -1.924074, -0.320221, 1.109673, -1.662207, 0.290589, 1.331065, -1.500343]
[-0.310617, 1.259583, -1.844964, 0.106841, 1.151667, -1.844721, -0.327336, 1.154708, -1.629066, 0.297831, 1.29225, -1.51135]
[-0.324248, 1.248972, -1.923636, 0.120335, 1.20415, -1.798791, -0.318843, 1.20748, -1.597485, 0.272317, 1.235358, -1.614179]
[-0.320918, 1.236237, -2.021971, 0.112723, 1.249582, -1.77162, -0.308518, 1.257904, -1.559045, 0.248471, 1.211502, -1.749445]
[-0.244888, 1.170697, -2.082532, 0.107885, 1.289122, -1.730077, -0.291248, 1.297433, -1.498333, 0.269381, 1.180472, -1.794211]
[-0.152511, 1.089457, -2.089606, 0.103047, 1.319933, -1.654377, -0.289874, 1.335037, -1.440723, 0.278099, 1.159165, -1.754353]
[-0.127976, 1.056151, -2.055808, 0.066141, 1.330838, -1.568395, -0.326682, 1.3672, -1.412625, 0.236191, 1.169183, -1.69971]
[-0.073214, 1.087361, -1.965002, 0.012999, 1.346316, -1.622102, -0.326353, 1.369014, -1.429031, 0.197659, 1.140996, -1.618846]
[-0.018279, 1.160638, -2.011421, 0.065277, 1.351896, -1.739276, -0.255313, 1.340621, -1.514159, 0.245042, 1.154274, -1.582316]
[0.045622, 1.235554, -2.008489, 0.181032, 1.343509, -1.80483, -0.217138, 1.34276, -1.648867, 0.316842, 1.205489, -1.568947]
[0.074899, 1.302111, -1.987111, 0.273441, 1.341508, -1.824269, -0.232976, 1.320482, -1.759218, 0.337436, 1.257668, -1.558274]
[0.070448, 1.357376, -1.939905, 0.298326, 1.326486, -1.872833, -0.260442, 1.285548, -1.859805, 0.312746, 1.336319, -1.5474]
[0.040982, 1.398727, -1.892969, 0.309875, 1.24136, -1.957146, -0.266921, 1.207025, -1.977516, 0.256485, 1.392564, -1.507508]
[0.0103, 1.428474, -1.837245, 0.317306, 1.092699, -2.036197, -0.259455, 1.105138, -2.067498, 0.208912, 1.420229, -1.442011]
[0.011491, 1.446184, -1.745212, 0.330007, 0.957339, -2.072321, -0.247367, 1.031854, -2.028128, 0.221448, 1.444864, -1.388724]
[0.012566, 1.461946, -1.654368, 0.281609, 0.872176, -1.987726, -0.236565, 1.000323, -1.891453, 0.240324, 1.462295, -1.351997]
[-0.005026, 1.47687, -1.626653, 0.20995, 0.882079, -1.8619, -0.227924, 1.000104, -1.819207, 0.200655, 1.419876, -1.373183]
[-0.111764, 1.459931, -1.687518, 0.146558, 0.941383, -1.935743, -0.275997, 1.006372, -1.755644, 0.155949, 1.35366, -1.460792]
[-0.215023, 1.417416, -1.761357, 0.11291, 1.006538, -1.943566, -0.303666, 1.026466, -1.702503, 0.216727, 1.318643, -1.495301]
[-0.306181, 1.350626, -1.796379, 0.114794, 1.066079, -1.919116, -0.276878, 1.034635, -1.679603, 0.271914, 1.310359, -1.480755]
[-0.303378, 1.285954, -1.832071, 0.100861, 1.119074, -1.844423, -0.28694, 1.092349, -1.670085, 0.291156, 1.27934, -1.487208]
[-0.297709, 1.252594, -1.903351, 0.098326, 1.170438, -1.776579, -0.299548, 1.16181, -1.651069, 0.287802, 1.229988, -1.586724]
[-0.299685, 1.234983, -1.99679, 0.103728, 1.216302, -1.736557, -0.285366, 1.216302, -1.615603, 0.254471, 1.151602, -1.73092]
[-0.249032, 1.186465, -2.070533, 0.111327, 1.257434, -1.698383, -0.257406, 1.261016, -1.561943, 0.241074, 1.096714, -1.796345]
[-0.168621, 1.125589, -2.094848, 0.100576, 1.288956, -1.633383, -0.256396, 1.301114, -1.497752, 0.250669, 1.091448, -1.764851]
[-0.092618, 1.081645, -2.068521, 0.071194, 1.305881, -1.543936, -0.28307, 1.33573, -1.464607, 0.23738, 1.090914, -1.691317]
[-0.042528, 1.076878, -2.000576, -0.001874, 1.301314, -1.577957, -0.31734, 1.358323, -1.465596, 0.177828, 1.107589, -1.638604]
[0.00235, 1.156912, -2.041551, 0.034407, 1.294642, -1.708751, -0.260768, 1.359421, -1.538692, 0.217114, 1.117595, -1.608321]
[0.064162, 1.235106, -2.050548, 0.147709, 1.313293, -1.78466, -0.234493, 1.332002, -1.652688, 0.292984, 1.140897, -1.577256]
[0.089322, 1.31189, -2.029438, 0.25546, 1.328361, -1.814398, -0.249893, 1.315379, -1.739715, 0.321092, 1.192614, -1.570228]
[0.086612, 1.37587, -1.986255, 0.294787, 1.328917, -1.866463, -0.268836, 1.284167, -1.838748, 0.304809, 1.274382, -1.567863]
[0.057979, 1.424713, -1.935877, 0.304422, 1.271871, -1.951218, -0.276134, 1.218188, -1.957857, 0.254549, 1.350906, -1.540546]
[0.027552, 1.456207, -1.879214, 0.318206, 1.139468, -2.026341, -0.254501, 1.127449, -2.058089, 0.196012, 1.397546, -1.484538]
[0.02735, 1.474394, -1.793713, 0.331686, 0.994244, -2.07537, -0.240232, 1.049325, -2.070287, 0.197865, 1.424344, -1.414422]
[0.039328, 1.487998, -1.690077, 0.302925, 0.891678, -2.049265, -0.242933, 1.008043, -1.964811, 0.229618, 1.455738, -1.384824]
[0.037426, 1.494705, -1.643136, 0.227255, 0.864001, -1.858065, -0.224911, 1.017538, -1.877337, 0.224655, 1.448175, -1.396595]
[-0.046112, 1.462254, -1.685461, 0.164867, 0.91831, -1.89575, -0.237366, 1.000538, -1.804142, 0.168883, 1.386802, -1.447378]
[-0.155483, 1.41387, -1.756073, 0.125113, 0.988378, -1.955891, -0.258718, 1.014905, -1.749589, 0.18067, 1.354964, -1.494987]
[-0.258701, 1.35014, -1.792463, 0.126553, 1.059526, -1.94115, -0.268833, 1.038177, -1.711744, 0.242237, 1.34501, -1.504335]
[-0.288123, 1.297695, -1.814393, 0.116361, 1.109256, -1.866111, -0.309016, 1.072993, -1.689427, 0.270843, 1.303626, -1.507824]
[-0.294238, 1.260478, -1.873215, 0.101341, 1.155321, -1.785489, -0.350624, 1.129613, -1.67122, 0.278601, 1.253763, -1.559654]
[-0.293557, 1.250381, -1.968508, 0.101114, 1.19808, -1.736191, -0.358382, 1.170874, -1.635782, 0.259826, 1.183509, -1.677944]
[-0.258233, 1.22034, -2.0546, 0.111187, 1.234365, -1.696777, -0.335428, 1.207296, -1.585955, 0.248225, 1.120405, -1.76327]
[-0.182448, 1.178992, -2.093412, 0.115963, 1.262178, -1.635212, -0.312565, 1.253927, -1.530953, 0.25958, 1.101746, -1.767924]
[-0.107405, 1.134566, -2.079879, 0.102223, 1.278491, -1.546449, -0.316511, 1.306314, -1.486908, 0.257181, 1.100856, -1.712317]
[-0.073524, 1.118792, -2.026358, 0.054137, 1.280014, -1.479291, -0.354289, 1.348699, -1.467927, 0.213841, 1.119591, -1.65826]
[-0.031908, 1.161105, -1.984221, 0.038944, 1.316969, -1.614745, -0.352932, 1.355784, -1.48894, 0.177676, 1.1182, -1.612209]
[0.040591, 1.227275, -2.011221, 0.145256, 1.314769, -1.753554, -0.287634, 1.339516, -1.590621, 0.233402, 1.158959, -1.599437]
[0.102637, 1.285129, -1.988081, 0.243571, 1.317318, -1.813579, -0.263261, 1.315232, -1.71156, 0.287232, 1.216577, -1.582386]
[0.11857, 1.338966, -1.953605, 0.284635, 1.318142, -1.846074, -0.267397, 1.293825, -1.809197, 0.285894, 1.272899, -1.56358]
[0.099005, 1.382899, -1.909471, 0.303043, 1.271712, -1.922109, -0.273523, 1.226597, -1.919923, 0.235144, 1.332387, -1.538825]
[0.064484, 1.418166, -1.850958, 0.313317, 1.148385, -2.021811, -0.270967, 1.129396, -2.028296, 0.184496, 1.379757, -1.491047]
[0.041945, 1.444627, -1.770909, 0.320875, 1.001152, -2.075131, -0.261689, 1.041432, -2.039811, 0.159753, 1.4196, -1.428652]
[0.044264, 1.463237, -1.674633, 0.301715, 0.897493, -2.025207, -0.237938, 0.994588, -1.918807, 0.173962, 1.458121, -1.396537]
[0.035715, 1.47267, -1.625134, 0.229284, 0.862681, -1.880878, -0.216275, 1.004546, -1.834341, 0.183006, 1.434137, -1.392214]
[-0.091285, 1.462986, -1.68179, 0.148109, 0.918377, -1.971087, -0.258812, 1.007532, -1.773495, 0.140844, 1.343021, -1.449572]
[-0.223136, 1.411967, -1.752006, 0.108893, 0.988737, -1.980709, -0.273986, 1.041192, -1.733033, 0.203021, 1.319501, -1.491669]
[-0.299875, 1.350486, -1.783815, 0.114153, 1.063153, -1.936862, -0.273521, 1.051905, -1.718901, 0.265197, 1.317228, -1.490723]
[-0.297512, 1.282393, -1.807648, 0.107005, 1.123407, -1.852254, -0.306443, 1.100958, -1.706178, 0.281131, 1.286977, -1.485841]
[-0.303725, 1.240957, -1.86219, 0.107812, 1.176195, -1.791551, -0.323479, 1.153605, -1.677321, 0.278313, 1.242215, -1.560363]
[-0.317926, 1.242391, -1.950761, 0.104659, 1.219912, -1.767146, -0.322836, 1.181419, -1.632136, 0.255855, 1.237867, -1.700504]
[-0.281698, 1.238883, -2.028686, 0.095341, 1.25037, -1.745054, -0.311236, 1.203657, -1.580347, 0.260474, 1.191274, -1.791647]
[-0.19925, 1.204639, -2.070859, 0.078381, 1.272784, -1.687314, -0.311628, 1.247047, -1.534876, 0.271798, 1.161907, -1.808487]
[-0.12043, 1.154754, -2.06678, 0.058195, 1.287821, -1.599387, -0.332415, 1.291351, -1.491223, 0.267707, 1.138901, -1.760599]
[-0.062384, 1.118497, -2.022063, 0.0271, 1.297222, -1.513681, -0.367216, 1.330349, -1.466212, 0.22061, 1.104293, -1.669541]
[0.001339, 1.1253, -1.92569, -0.000646, 1.327801, -1.586949, -0.371519, 1.347585, -1.475078, 0.180883, 1.092082, -1.606866]
[0.052983, 1.187593, -1.971129, 0.076355, 1.328933, -1.722844, -0.309008, 1.324618, -1.566591, 0.208787, 1.096642, -1.57529]
[0.11304, 1.255259, -1.971979, 0.186306, 1.321542, -1.803132, -0.257495, 1.294766, -1.688751, 0.269595, 1.149591, -1.570892]
[0.129565, 1.322107, -1.940638, 0.264652, 1.320173, -1.834424, -0.254288, 1.282766, -1.782877, 0.298607, 1.211224, -1.563639]
[0.103884, 1.381727, -1.89387, 0.289974, 1.290729, -1.89099, -0.272266, 1.241874, -1.891114, 0.277636, 1.286537, -1.552095]
[0.058772, 1.428393, -1.844071, 0.304284, 1.192272, -1.975909, -0.263635, 1.159048, -2.009195, 0.224541, 1.350072, -1.520545]
[0.031395, 1.457273, -1.775754, 0.315536, 1.046949, -2.040734, -0.244609, 1.068843, -2.074784, 0.197604, 1.383619, -1.461713]
[0.036437, 1.470874, -1.678243, 0.3175, 0.929657, -2.055513, -0.240143, 1.012246, -2.013967, 0.217275, 1.411454, -1.416321]
[0.035725, 1.475669, -1.617189, 0.244868, 0.864879, -1.939418, -0.237129, 1.018559, -1.898025, 0.224071, 1.426663, -1.400192]
[0.019543, 1.456432, -1.634858, 0.186719, 0.882139, -1.892989, -0.223387, 1.010881, -1.829169, 0.199391, 1.384011, -1.435549]
[-0.126426, 1.387805, -1.7148, 0.128705, 0.946444, -1.935087, -0.271843, 1.02283, -1.774017, 0.167925, 1.351982, -1.491519]
[-0.256415, 1.319752, -1.780153, 0.121142, 1.018679, -1.928029, -0.287098, 1.040984, -1.734277, 0.233671, 1.341382, -1.525374]
[-0.305913, 1.284457, -1.79576, 0.124336, 1.07866, -1.889607, -0.305125, 1.058684, -1.700558, 0.26893, 1.30318, -1.500452]
[-0.300352, 1.250823, -1.833398, 0.117049, 1.130533, -1.831832, -0.333862, 1.103166, -1.675072, 0.275383, 1.254041, -1.507698]
[-0.294464, 1.241493, -1.916963, 0.107117, 1.179594, -1.785778, -0.350947, 1.158915, -1.653698, 0.262855, 1.194532, -1.608926]
[-0.28777, 1.227347, -2.013349, 0.102269, 1.223878, -1.760128, -0.345155, 1.19865, -1.613308, 0.254885, 1.191204, -1.741564]
[-0.230442, 1.191122, -2.072315, 0.107331, 1.260179, -1.723115, -0.321049, 1.230362, -1.5548, 0.276166, 1.165558, -1.783375]
[-0.149581, 1.14778, -2.079038, 0.100196, 1.284356, -1.647769, -0.310191, 1.278154, -1.517382, 0.273663, 1.152683, -1.75336]
[-0.117275, 1.117363, -2.048134, 0.057888, 1.289569, -1.568032, -0.336321, 1.316864, -1.482074, 0.239161, 1.177232, -1.695818]
[-0.051011, 1.136853, -1.981929, 0.014439, 1.294147, -1.602217, -0.345639, 1.33626, -1.475407, 0.198221, 1.169558, -1.634998]
[0.005273, 1.198552, -1.989907, 0.060278, 1.313388, -1.729428, -0.319907, 1.332882, -1.481952, 0.183152, 1.179058, -1.604087]
[0.081025, 1.253966, -1.993656, 0.196843, 1.327555, -1.799491, -0.262447, 1.327958, -1.607804, 0.230929, 1.233198, -1.591234]
[0.13129, 1.303874, -1.959264, 0.282172, 1.33455, -1.834056, -0.256412, 1.315041, -1.748237, 0.277327, 1.283064, -1.564957]
[0.136332, 1.350798, -1.908095, 0.291181, 1.323602, -1.882243, -0.275027, 1.28531, -1.86563, 0.269848, 1.343828, -1.550056]
[0.097848, 1.395409, -1.858124, 0.299558, 1.255393, -1.965706, -0.292426, 1.201163, -1.991101, 0.210198, 1.401892, -1.519122]
[0.046884, 1.431636, -1.7998, 0.313934, 1.113354, -2.0493, -0.280864, 1.092253, -2.074589, 0.135074, 1.451285, -1.462841]
[0.047494, 1.449878, -1.71155, 0.334706, 0.967067, -2.079375, -0.236893, 1.014832, -2.025031, 0.119499, 1.496991, -1.395342]
[0.064377, 1.464037, -1.621691, 0.261197, 0.869994, -1.991755, -0.227834, 0.984537, -1.886509, 0.163265, 1.506167, -1.347454]
[0.01358, 1.470112, -1.612613, 0.144008, 0.869268, -1.860882, -0.222779, 0.996601, -1.805969, 0.167495, 1.441862, -1.391906]
[-0.076889, 1.446701, -1.688091, 0.081018, 0.929875, -1.949489, -0.244865, 1.015164, -1.758336, 0.155946, 1.375504, -1.462452]
[-0.196438, 1.360919, -1.750454, 0.067258, 1.001875, -1.95533, -0.250686, 1.03784, -1.714833, 0.213848, 1.361911, -1.491136]
[-0.293414, 1.305605, -1.775261, 0.076848, 1.069227, -1.91469, -0.26058, 1.034633, -1.703303, 0.269947, 1.342369, -1.496173]
[-0.302903, 1.246631, -1.809415, 0.067132, 1.11923, -1.834223, -0.298447, 1.087399, -1.681438, 0.278375, 1.285884, -1.520685]
[-0.299023, 1.223246, -1.88043, 0.054078, 1.162922, -1.77468, -0.324904, 1.133883, -1.652495, 0.270033, 1.206308, -1.613286]
[-0.278526, 1.213808, -1.978559, 0.049484, 1.201641, -1.740252, -0.322909, 1.16803, -1.610017, 0.251989, 1.119503, -1.714844]
[-0.210225, 1.169939, -2.059087, 0.055642, 1.235269, -1.69843, -0.297198, 1.209546, -1.560942, 0.247321, 1.073468, -1.759712]
[-0.128046, 1.13013, -2.086874, 0.047481, 1.260219, -1.630588, -0.289151, 1.256812, -1.507215, 0.253411, 1.07191, -1.736065]
[-0.064166, 1.094015, -2.057375, 0.019548, 1.273688, -1.540056, -0.308395, 1.300809, -1.478126, 0.233632, 1.067903, -1.667656]
[-0.005127, 1.0712, -1.97862, -0.016253, 1.288144, -1.546511, -0.329213, 1.339657, -1.489799, 0.181269, 1.050106, -1.599196]
[0.049262, 1.133983, -1.99809, 0.048887, 1.294406, -1.691276, -0.295199, 1.354272, -1.567332, 0.211185, 1.077552, -1.56994]
[0.106306, 1.226039, -2.02041, 0.143845, 1.296271, -1.791332, -0.269141, 1.318275, -1.675938, 0.267375, 1.136604, -1.565052]
[0.12684, 1.307273, -1.99931, 0.236898, 1.306328, -1.824007, -0.255663, 1.304082, -1.754156, 0.291052, 1.20582, -1.551872]
[0.121685, 1.367304, -1.94571, 0.285642, 1.302772, -1.871261, -0.258132, 1.263257, -1.855768, 0.27746, 1.288537, -1.541721]
[0.099468, 1.413566, -1.881937, 0.303627, 1.24128, -1.948698, -0.26054, 1.192455, -1.975477, 0.24994, 1.364521, -1.515607]
[0.076395, 1.446876, -1.812131, 0.305602, 1.120029, -2.016445, -0.254751, 1.10902, -2.071348, 0.227975, 1.413104, -1.468273]
[0.068756, 1.466632, -1.724776, 0.309275, 0.990316, -2.053113, -0.250697, 1.033508, -2.07186, 0.231135, 1.446539, -1.406024]
[0.068524, 1.481127, -1.637778, 0.279705, 0.898212, -2.011941, -0.244631, 1.005624, -1.952755, 0.239272, 1.47948, -1.358427]
[0.067765, 1.479109, -1.612913, 0.215791, 0.869486, -1.816235, -0.23695, 1.016879, -1.899407, 0.222368, 1.467756, -1.352821]
[-0.043213, 1.461543, -1.680654, 0.161918, 0.926159, -1.887105, -0.262668, 1.006573, -1.825942, 0.178665, 1.396998, -1.426656]
[-0.194288, 1.402106, -1.750031, 0.123383, 0.992587, -1.916973, -0.276355, 1.035775, -1.772909, 0.218276, 1.327507, -1.471895]
[-0.287973, 1.359203, -1.789829, 0.117228, 1.053085, -1.890583, -0.272017, 1.069407, -1.744488, 0.258537, 1.295301, -1.474305]
[-0.28987, 1.322177, -1.820021, 0.1009, 1.098786, -1.816863, -0.30262, 1.12135, -1.715383, 0.276778, 1.252602, -1.475257]
[-0.289893, 1.309046, -1.890056, 0.088398, 1.140792, -1.754748, -0.326475, 1.167794, -1.682712, 0.262927, 1.254939, -1.557828]
[-0.289942, 1.30497, -1.983062, 0.086901, 1.179597, -1.71704, -0.326005, 1.195988, -1.634023, 0.26014, 1.202701, -1.680683]
[-0.240152, 1.250776, -2.06475, 0.093581, 1.211738, -1.665067, -0.308195, 1.230456, -1.577858, 0.254507, 1.148712, -1.76259]
[-0.170202, 1.18314, -2.100165, 0.091352, 1.236556, -1.581249, -0.305895, 1.275514, -1.518466, 0.259627, 1.121984, -1.777401]
[-0.10545, 1.122875, -2.082311, 0.069505, 1.250005, -1.481964, -0.326492, 1.320153, -1.456504, 0.252438, 1.087328, -1.724534]
[-0.032457, 1.072896, -2.021644, 0.014609, 1.263838, -1.434106, -0.351327, 1.360361, -1.436376, 0.206569, 1.043751, -1.645648]
[0.019288, 1.130072, -2.045372, 0.059309, 1.305943, -1.557995, -0.304678, 1.355946, -1.508068, 0.189032, 1.025875, -1.575244]
[0.076085, 1.217939, -2.0491, 0.140644, 1.308215, -1.723198, -0.256933, 1.299307, -1.631358, 0.265341, 1.084016, -1.581376]
[0.106312, 1.302483, -2.02727, 0.217931, 1.30308, -1.786802, -0.254606, 1.265484, -1.726675, 0.318464, 1.143619, -1.578096]
[0.087781, 1.381524, -2.009489, 0.279958, 1.308102, -1.835398, -0.273004, 1.242314, -1.813775, 0.280456, 1.224558, -1.582232]
[0.052791, 1.438017, -1.977015, 0.313582, 1.259244, -1.919363, -0.26163, 1.193489, -1.929482, 0.216036, 1.299014, -1.55945]
[0.034118, 1.473046, -1.927292, 0.326633, 1.124359, -2.013235, -0.238625, 1.12865, -2.032601, 0.170063, 1.350497, -1.514221]
[0.031931, 1.4974, -1.850304, 0.322553, 0.982561, -2.078629, -0.245071, 1.069348, -2.05394, 0.1669, 1.386603, -1.457099]
[0.035736, 1.517048, -1.751435, 0.309463, 0.893737, -2.042965, -0.239369, 1.039535, -1.938767, 0.182492, 1.434706, -1.440593]
[0.041032, 1.529192, -1.688285, 0.247814, 0.861426, -1.84604, -0.214524, 1.063557, -1.870722, 0.192128, 1.429638, -1.439185]
[-0.062725, 1.511334, -1.714847, 0.187532, 0.921029, -1.935036, -0.247782, 1.06231, -1.80763, 0.140823, 1.352166, -1.48393]
[-0.187503, 1.459197, -1.774551, 0.14659, 0.990276, -1.969408, -0.273524, 1.078192, -1.748994, 0.184358, 1.328449, -1.521626]
[-0.293971, 1.380112, -1.811189, 0.154265, 1.064611, -1.942989, -0.267128, 1.067246, -1.722947, 0.252055, 1.326937, -1.517158]
[-0.302174, 1.306121, -1.832688, 0.140602, 1.121347, -1.852909, -0.309307, 1.105202, -1.698272, 0.281228, 1.291952, -1.512585]
[-0.303825, 1.259967, -1.886662, 0.141509, 1.174305, -1.775499, -0.3367, 1.154299, -1.665244, 0.291477, 1.251371, -1.576045]
[-0.316539, 1.24624, -1.969233, 0.150377, 1.220944, -1.739312, -0.332467, 1.187736, -1.622277, 0.26519, 1.189325, -1.70177]
[-0.290159, 1.231331, -2.045492, 0.151639, 1.257781, -1.713312, -0.312367, 1.223537, -1.574935, 0.248363, 1.133428, -1.793172]
[-0.220619, 1.194357, -2.081004, 0.141098, 1.284683, -1.658644, -0.302328, 1.270324, -1.523992, 0.26475, 1.124455, -1.803283]
[-0.149823, 1.143553, -2.068969, 0.122596, 1.30075, -1.575351, -0.303423, 1.313133, -1.503982, 0.271042, 1.125351, -1.757741]
[-0.102549, 1.129781, -2.022788, 0.082643, 1.305473, -1.493858, -0.330175, 1.341311, -1.505443, 0.230503, 1.126614, -1.698807]
[-0.057687, 1.167073, -2.001487, 0.067569, 1.318364, -1.580746, -0.326929, 1.332958, -1.505108, 0.181314, 1.123032, -1.647224]
[-9e-06, 1.224492, -2.024293, 0.14733, 1.312814, -1.717192, -0.28317, 1.313332, -1.560913, 0.216949, 1.159977, -1.631572]
[0.067658, 1.279904, -2.018261, 0.242255, 1.313939, -1.794672, -0.25271, 1.294942, -1.662019, 0.261549, 1.218182, -1.619767]
[0.101839, 1.329272, -1.981358, 0.288661, 1.307218, -1.833513, -0.247316, 1.284752, -1.753383, 0.286185, 1.273454, -1.593998]
[0.088742, 1.37168, -1.935942, 0.29681, 1.26004, -1.89927, -0.263451, 1.23894, -1.86679, 0.270035, 1.315354, -1.556406]
[0.041684, 1.410184, -1.887831, 0.306549, 1.151507, -1.986186, -0.275607, 1.156074, -1.989135, 0.224497, 1.34621, -1.508809]
[0.001109, 1.439518, -1.813541, 0.322567, 1.008868, -2.055294, -0.269986, 1.065534, -2.024581, 0.196165, 1.379599, -1.454915]
[-0.010665, 1.458912, -1.713484, 0.335078, 0.906231, -2.034663, -0.246404, 1.002596, -1.921431, 0.199873, 1.429059, -1.402198]
[-0.020936, 1.469384, -1.65738, 0.293996, 0.86766, -1.862735, -0.243095, 1.014655, -1.854372, 0.186076, 1.436416, -1.372635]
[-0.148648, 1.455759, -1.693231, 0.220005, 0.913375, -1.907882, -0.280408, 1.012219, -1.768574, 0.116441, 1.363603, -1.41668]
[-0.245143, 1.408264, -1.748943, 0.166979, 0.982819, -1.978698, -0.301854, 1.046346, -1.718079, 0.138851, 1.325069, -1.497561]
[-0.26348, 1.356989, -1.774776, 0.131355, 1.050669, -1.970514, -0.325985, 1.099325, -1.691498, 0.228224, 1.29203, -1.527272]
[-0.272148, 1.341969, -1.805014, 0.122599, 1.107176, -1.913106, -0.35751, 1.132315, -1.654148, 0.274466, 1.262896, -1.488845]
[-0.298297, 1.304671, -1.863248, 0.122377, 1.159723, -1.84389, -0.377132, 1.176084, -1.62104, 0.287947, 1.255092, -1.508243]
[-0.312567, 1.27314, -1.94923, 0.127602, 1.208875, -1.800392, -0.371617, 1.22363, -1.586588, 0.279083, 1.225133, -1.626544]
[-0.301203, 1.241543, -2.036929, 0.129007, 1.256948, -1.769734, -0.355434, 1.273395, -1.543947, 0.265013, 1.170294, -1.748248]
[-0.240963, 1.182042, -2.08693, 0.134596, 1.298759, -1.721898, -0.33384, 1.316089, -1.48333, 0.273171, 1.13178, -1.79758]
[-0.172217, 1.109243, -2.086687, 0.136066, 1.325541, -1.644227, -0.321372, 1.354225, -1.43784, 0.274278, 1.11865, -1.772196]
[-0.144442, 1.083811, -2.052693, 0.094788, 1.329342, -1.567265, -0.352989, 1.380409, -1.409319, 0.235426, 1.136179, -1.71915]
[-0.028302, 1.126654, -1.98324, 0.032167, 1.336999, -1.610248, -0.353492, 1.394242, -1.419942, 0.198769, 1.135329, -1.655337]
[0.01054, 1.193559, -2.037968, 0.116469, 1.364705, -1.681252, -0.313261, 1.378293, -1.479288, 0.211387, 1.154473, -1.636066]
[0.062075, 1.252197, -2.046719, 0.262559, 1.369072, -1.761239, -0.274115, 1.368557, -1.613738, 0.244763, 1.209214, -1.633555]
[0.106721, 1.299538, -2.004667, 0.297405, 1.349866, -1.813797, -0.257034, 1.337069, -1.744071, 0.286402, 1.269602, -1.618074]
[0.099547, 1.348948, -1.953641, 0.285079, 1.324971, -1.868557, -0.27904, 1.303341, -1.854752, 0.280408, 1.330346, -1.591883]
[0.047585, 1.393346, -1.919808, 0.305215, 1.236451, -1.949957, -0.280774, 1.212454, -1.975927, 0.209768, 1.366486, -1.541903]
[0.00023, 1.428719, -1.872879, 0.323784, 1.077227, -2.044759, -0.265338, 1.101865, -2.052044, 0.151228, 1.385968, -1.475619]
[0.005779, 1.450811, -1.771964, 0.339323, 0.93941, -2.084514, -0.244653, 1.02745, -1.983991, 0.175152, 1.429587, -1.420448]
[0.016088, 1.463807, -1.690476, 0.294311, 0.862341, -1.951246, -0.235965, 1.019801, -1.879297, 0.217364, 1.46162, -1.379736]
[-0.022125, 1.46692, -1.674883, 0.236441, 0.888641, -1.960633, -0.247181, 1.00069, -1.800423, 0.169954, 1.403917, -1.403902]
[-0.142236, 1.437857, -1.732981, 0.188925, 0.955551, -2.021347, -0.28246, 1.004285, -1.733948, 0.147133, 1.351112, -1.486233]
[-0.255341, 1.357228, -1.774666, 0.178704, 1.035872, -2.003017, -0.303656, 1.043873, -1.697353, 0.22238, 1.335588, -1.537552]
[-0.291716, 1.274997, -1.784535, 0.162982, 1.099539, -1.934183, -0.346533, 1.091049, -1.672775, 0.270038, 1.296386, -1.52828]
[-0.301882, 1.22219, -1.831531, 0.152003, 1.156777, -1.866343, -0.385574, 1.141098, -1.649481, 0.276759, 1.258438, -1.52841]
[-0.311019, 1.210485, -1.914634, 0.147967, 1.20893, -1.830997, -0.400436, 1.17809, -1.6157, 0.261282, 1.210978, -1.607727]
[-0.30543, 1.21151, -2.006901, 0.148199, 1.25983, -1.809725, -0.398411, 1.213308, -1.576005, 0.249269, 1.183189, -1.738527]
[-0.264896, 1.174415, -2.061418, 0.154737, 1.305022, -1.770417, -0.387379, 1.249634, -1.525216, 0.275757, 1.157813, -1.790859]
[-0.197666, 1.133936, -2.072136, 0.148746, 1.33527, -1.699587, -0.374779, 1.306677, -1.498276, 0.283914, 1.13993, -1.794138]
[-0.155609, 1.122983, -2.044019, 0.123745, 1.34768, -1.627303, -0.362965, 1.363628, -1.493142, 0.270907, 1.138235, -1.757908]
[-0.065993, 1.160261, -1.988645, 0.08537, 1.341893, -1.613888, -0.342358, 1.372825, -1.504754, 0.249038, 1.12587, -1.693748]
[-0.005199, 1.215444, -1.978953, 0.100327, 1.362957, -1.687775, -0.340157, 1.355499, -1.539613, 0.207561, 1.122402, -1.651394]
[0.033547, 1.266461, -2.004245, 0.219302, 1.348138, -1.750735, -0.289559, 1.327224, -1.627034, 0.212825, 1.168432, -1.64429]
[0.090121, 1.309064, -1.992453, 0.285481, 1.322415, -1.799778, -0.245277, 1.299806, -1.733333, 0.237839, 1.228583, -1.63524]
[0.116504, 1.348613, -1.956397, 0.290298, 1.292969, -1.842998, -0.243427, 1.274269, -1.828198, 0.257276, 1.27353, -1.609304]
[0.090764, 1.386142, -1.913871, 0.289377, 1.215863, -1.91226, -0.265875, 1.207956, -1.938793, 0.244152, 1.291125, -1.563229]
[0.029912, 1.425551, -1.861573, 0.300839, 1.085401, -2.003836, -0.288168, 1.118909, -2.029738, 0.20177, 1.311232, -1.512251]
[-0.010566, 1.455969, -1.779436, 0.330608, 0.960858, -2.055265, -0.27153, 1.0376, -1.994945, 0.170638, 1.361022, -1.464422]
[-0.012766, 1.475228, -1.686685, 0.318516, 0.878127, -1.976059, -0.225906, 1.006343, -1.88031, 0.171711, 1.413937, -1.414517]
[-0.057998, 1.471999, -1.65215, 0.261621, 0.894518, -1.973837, -0.241607, 1.00223, -1.8156, 0.139542, 1.368427, -1.424538]
[-0.188943, 1.464003, -1.709972, 0.175021, 0.949622, -2.021509, -0.298689, 1.014952, -1.762803, 0.133321, 1.298439, -1.521895]
[-0.285847, 1.401042, -1.776353, 0.140927, 1.01812, -2.005406, -0.314345, 1.055574, -1.712803, 0.245367, 1.263874, -1.589629]
[-0.318829, 1.29342, -1.804861, 0.136428, 1.085043, -1.961347, -0.3176, 1.081514, -1.672666, 0.289377, 1.240713, -1.551415]
[-0.307866, 1.219249, -1.84216, 0.145885, 1.152607, -1.910754, -0.321433, 1.120805, -1.640959, 0.288697, 1.218011, -1.529446]
[-0.320336, 1.194668, -1.904744, 0.15703, 1.216368, -1.877132, -0.321807, 1.16682, -1.61042, 0.268744, 1.186358, -1.615786]
[-0.324664, 1.18498, -1.992399, 0.142967, 1.270847, -1.860423, -0.326592, 1.215793, -1.580563, 0.253031, 1.190774, -1.75026]
[-0.278702, 1.151405, -2.057695, 0.124937, 1.320308, -1.834043, -0.326164, 1.263808, -1.537197, 0.269603, 1.148444, -1.807643]
[-0.196872, 1.099533, -2.081239, 0.114077, 1.360364, -1.77678, -0.323947, 1.313749, -1.490764, 0.284838, 1.127477, -1.789226]
[-0.140338, 1.066804, -2.058813, 0.102164, 1.38478, -1.702454, -0.326891, 1.355692, -1.479125, 0.264192, 1.129761, -1.729308]
[-0.077898, 1.103365, -2.000837, 0.062424, 1.392337, -1.666876, -0.328697, 1.365197, -1.482477, 0.225923, 1.131921, -1.669265]
[-0.046488, 1.171924, -2.033828, 0.104859, 1.404514, -1.711546, -0.292485, 1.349676, -1.508534, 0.211958, 1.146271, -1.634576]
[0.00622, 1.236172, -2.04622, 0.194753, 1.403878, -1.763777, -0.235355, 1.349734, -1.61041, 0.266441, 1.186022, -1.627108]
[0.031727, 1.28855, -2.017367, 0.252279, 1.408515, -1.781159, -0.245602, 1.312109, -1.724936, 0.289746, 1.232575, -1.616708]
[0.018069, 1.336062, -1.952083, 0.301981, 1.373857, -1.841048, -0.27246, 1.298869, -1.826734, 0.285654, 1.308192, -1.605229]
[-0.000605, 1.373748, -1.895836, 0.325684, 1.308253, -1.924846, -0.269296, 1.258752, -1.940034, 0.256982, 1.373887, -1.578879]
[-0.033253, 1.406529, -1.85169, 0.321964, 1.1619, -2.006255, -0.272948, 1.160689, -2.029234, 0.212078, 1.399683, -1.522395]
[-0.064487, 1.431754, -1.781357, 0.325262, 1.001524, -2.075276, -0.264202, 1.058628, -2.042534, 0.19022, 1.412849, -1.452093]
[-0.055888, 1.451314, -1.688442, 0.339955, 0.933961, -2.074721, -0.230677, 1.004484, -1.933844, 0.215066, 1.437846, -1.39641]
[-0.101748, 1.462029, -1.647168, 0.282492, 0.993461, -2.123151, -0.248142, 1.018421, -1.872913, 0.177051, 1.392079, -1.380925]
[-0.198862, 1.451376, -1.683406, 0.207799, 1.031811, -2.13446, -0.290832, 1.03588, -1.83293, 0.161502, 1.322534, -1.45315]
[-0.2956, 1.381001, -1.710149, 0.168595, 1.102617, -2.103078, -0.326421, 1.067964, -1.783489, 0.23695, 1.29317, -1.509168]
[-0.314576, 1.278909, -1.743553, 0.16705, 1.173168, -2.061013, -0.323734, 1.071132, -1.729639, 0.288661, 1.26213, -1.500666]
[-0.31326, 1.237331, -1.791043, 0.182239, 1.235715, -2.010687, -0.307299, 1.08177, -1.69195, 0.288666, 1.216975, -1.504643]
[-0.327624, 1.229082, -1.856886, 0.185283, 1.288762, -1.948691, -0.315842, 1.116885, -1.658885, 0.262759, 1.200117, -1.576555]
[-0.321333, 1.203701, -1.958119, 0.168734, 1.333822, -1.880176, -0.33829, 1.180761, -1.635826, 0.251377, 1.180903, -1.702204]
[-0.303501, 1.154482, -2.060937, 0.157421, 1.377164, -1.810428, -0.341267, 1.256636, -1.603117, 0.262475, 1.134681, -1.803074]
[-0.281089, 1.102921, -2.108489, 0.176582, 1.41884, -1.733058, -0.315185, 1.306356, -1.53327, 0.279134, 1.114885, -1.808211]
[-0.255666, 1.057205, -2.087222, 0.20271, 1.446083, -1.648213, -0.266791, 1.307902, -1.522814, 0.28253, 1.154601, -1.773282]
[-0.159577, 1.079648, -2.033295, 0.169634, 1.433766, -1.593195, -0.261629, 1.305342, -1.534469, 0.2257, 1.183005, -1.721126]
[-0.069081, 1.144128, -2.010383, 0.167952, 1.410333, -1.65659, -0.265372, 1.30693, -1.520007, 0.126471, 1.20724, -1.711989]
[-0.028428, 1.214314, -2.038517, 0.215553, 1.436413, -1.681523, -0.242211, 1.29642, -1.566166, 0.151295, 1.254537, -1.708977]
[0.003734, 1.271505, -2.039047, 0.255462, 1.468013, -1.704846, -0.245901, 1.278358, -1.689301, 0.180301, 1.296956, -1.696464]
[-0.016423, 1.318931, -2.008678, 0.280596, 1.442552, -1.791838, -0.283761, 1.274012, -1.81116, 0.16422, 1.333582, -1.668616]
[-0.040936, 1.355907, -1.939484, 0.339143, 1.38644, -1.908475, -0.268977, 1.281618, -1.919825, 0.143794, 1.399092, -1.645989]
[-0.030782, 1.38503, -1.864987, 0.355715, 1.261694, -1.965081, -0.260642, 1.237001, -2.015781, 0.155595, 1.449688, -1.604766]
[-0.051906, 1.421304, -1.810676, 0.315067, 1.0922, -2.033723, -0.288564, 1.137331, -2.056183, 0.142308, 1.458664, -1.53464]
[-0.079954, 1.454326, -1.745166, 0.320996, 0.954433, -2.074282, -0.268326, 1.048337, -1.991491, 0.108879, 1.482279, -1.467925]
[-0.073533, 1.474925, -1.684173, 0.288936, 0.878903, -1.968257, -0.202803, 1.017136, -1.878366, 0.112593, 1.496886, -1.415408]
[-0.125825, 1.44596, -1.668059, 0.233812, 0.897831, -1.984733, -0.196862, 0.998594, -1.818175, 0.103361, 1.419383, -1.428743]
[-0.231479, 1.420637, -1.707274, 0.169241, 0.95065, -2.045319, -0.235038, 1.004369, -1.767783, 0.132698, 1.341416, -1.550613]
[-0.298548, 1.299973, -1.750551, 0.145406, 1.028029, -2.055238, -0.25076, 1.028239, -1.711895, 0.25591, 1.2752, -1.62403]
[-0.314283, 1.165503, -1.784145, 0.137718, 1.104244, -2.040322, -0.265303, 1.047617, -1.666013, 0.286883, 1.211018, -1.579822]
[-0.315167, 1.121025, -1.850418, 0.118239, 1.173129, -2.0075, -0.303117, 1.085976, -1.637866, 0.258763, 1.216223, -1.558125]
[-0.318241, 1.125787, -1.934293, 0.093452, 1.227159, -1.995107, -0.321976, 1.124631, -1.612812, 0.24251, 1.195863, -1.652894]
[-0.302568, 1.118467, -2.028804, 0.072809, 1.284458, -1.982221, -0.325247, 1.179325, -1.589791, 0.2493, 1.182646, -1.763451]
[-0.240668, 1.078947, -2.080485, 0.071761, 1.343388, -1.940997, -0.314742, 1.236201, -1.548438, 0.273737, 1.182955, -1.790888]
[-0.191352, 1.044489, -2.080239, 0.064005, 1.386172, -1.887312, -0.307575, 1.279634, -1.492376, 0.280778, 1.226074, -1.752708]
[-0.162833, 1.06886, -2.031775, 0.032624, 1.411201, -1.838453, -0.311417, 1.324079, -1.486969, 0.263355, 1.229194, -1.696632]
[-0.144606, 1.141579, -2.041631, 0.031231, 1.435176, -1.81554, -0.286829, 1.345571, -1.534762, 0.257838, 1.216741, -1.661044]
[-0.108393, 1.215195, -2.046321, 0.14852, 1.429748, -1.807815, -0.260365, 1.353105, -1.626885, 0.299091, 1.245676, -1.632236]
[-0.082702, 1.277439, -2.00639, 0.274835, 1.402901, -1.830747, -0.2629, 1.334092, -1.736392, 0.334758, 1.30522, -1.611675]
[-0.047708, 1.315767, -1.927799, 0.311092, 1.373212, -1.852528, -0.260109, 1.315145, -1.826022, 0.361654, 1.38005, -1.580519]
[-0.04235, 1.348476, -1.871483, 0.313257, 1.335547, -1.901965, -0.271061, 1.278886, -1.910848, 0.344955, 1.432146, -1.532753]
[-0.074512, 1.378679, -1.839438, 0.312987, 1.235093, -1.987603, -0.276191, 1.196473, -2.006358, 0.286315, 1.449691, -1.470773]
[-0.103346, 1.40452, -1.786506, 0.329326, 1.083182, -2.075886, -0.261893, 1.108844, -2.067824, 0.261397, 1.458318, -1.40785]
[-0.086788, 1.419877, -1.684116, 0.333673, 0.956772, -2.091476, -0.244232, 1.049077, -2.021149, 0.318074, 1.483125, -1.347802]
[-0.078137, 1.428138, -1.607389, 0.279474, 0.903183, -1.969836, -0.246966, 1.034579, -1.928603, 0.34818, 1.49308, -1.288804]
[-0.101731, 1.410618, -1.620017, 0.2365, 0.938117, -1.888247, -0.258071, 0.998744, -1.847206, 0.263032, 1.451564, -1.309643]
[-0.197801, 1.393533, -1.6935, 0.196462, 0.995119, -1.940092, -0.308899, 0.982382, -1.771936, 0.182759, 1.397818, -1.41842]
[-0.281197, 1.343386, -1.749311, 0.178569, 1.059842, -1.976265, -0.315682, 0.989305, -1.713102, 0.210799, 1.340536, -1.493881]
[-0.310037, 1.292291, -1.773571, 0.150128, 1.117208, -1.992514, -0.319692, 1.019795, -1.677921, 0.267129, 1.276067, -1.490306]
[-0.284986, 1.258688, -1.827715, 0.128796, 1.171481, -1.959446, -0.335117, 1.078284, -1.66155, 0.2765, 1.208418, -1.490282]
[-0.280369, 1.259665, -1.923954, 0.125443, 1.221763, -1.895911, -0.354491, 1.138596, -1.646506, 0.254688, 1.211743, -1.57816]
[-0.27988, 1.223675, -2.025584, 0.128683, 1.26591, -1.818952, -0.372833, 1.190223, -1.616878, 0.244722, 1.184051, -1.714959]
[-0.245702, 1.151577, -2.101533, 0.134426, 1.307427, -1.731782, -0.374719, 1.254992, -1.573655, 0.249693, 1.144371, -1.807283]
[-0.185078, 1.10355, -2.118482, 0.146803, 1.339311, -1.646603, -0.348559, 1.307414, -1.500943, 0.270487, 1.11532, -1.774523]
[-0.108906, 1.069161, -2.071331, 0.134952, 1.356957, -1.584161, -0.329525, 1.339193, -1.477542, 0.238737, 1.097113, -1.687316]
[-0.086697, 1.125576, -2.091414, 0.140889, 1.35255, -1.644295, -0.298896, 1.335941, -1.545854, 0.22502, 1.103519, -1.628675]
[-0.037997, 1.228023, -2.093984, 0.217109, 1.379985, -1.745108, -0.266791, 1.30021, -1.652122, 0.299946, 1.153022, -1.613134]
[-0.000927, 1.314657, -2.05154, 0.273773, 1.362002, -1.811316, -0.264275, 1.273558, -1.740463, 0.361077, 1.226148, -1.599225]
[0.002439, 1.378971, -2.017658, 0.299192, 1.338044, -1.837412, -0.264644, 1.253866, -1.813006, 0.341369, 1.294628, -1.569649]
[0.001942, 1.418614, -1.985839, 0.323999, 1.305237, -1.892499, -0.253215, 1.219005, -1.896959, 0.286153, 1.363058, -1.533628]
[0.00474, 1.439095, -1.936096, 0.329464, 1.208267, -1.974759, -0.243484, 1.170865, -1.996604, 0.247832, 1.411147, -1.487797]
[-0.003496, 1.454229, -1.862464, 0.326333, 1.074232, -2.048659, -0.25205, 1.113727, -2.073264, 0.251136, 1.424404, -1.429975]
[-0.00747, 1.466702, -1.758724, 0.330404, 0.962043, -2.066706, -0.260947, 1.059699, -2.027071, 0.27698, 1.454197, -1.380885]
[-0.00332, 1.481584, -1.680145, 0.300362, 0.899826, -1.950462, -0.22195, 1.042873, -1.892176, 0.290976, 1.488519, -1.339131]
[-0.068173, 1.503483, -1.668935, 0.23384, 0.944146, -1.967101, -0.247367, 1.045039, -1.826164, 0.200378, 1.476792, -1.334408]
[-0.164755, 1.485618, -1.718728, 0.185675, 0.999853, -2.014033, -0.302373, 1.028955, -1.768137, 0.144136, 1.426436, -1.417022]
[-0.245542, 1.422799, -1.770721, 0.164917, 1.072092, -1.999146, -0.328988, 1.062196, -1.727263, 0.222634, 1.349551, -1.491811]
[-0.309382, 1.333192, -1.786387, 0.166225, 1.135305, -1.957673, -0.32466, 1.093532, -1.675735, 0.282673, 1.292537, -1.488619]
[-0.321931, 1.280331, -1.834228, 0.162733, 1.184695, -1.908934, -0.318032, 1.121605, -1.640315, 0.274877, 1.304962, -1.505361]
[-0.326153, 1.296056, -1.914252, 0.142913, 1.226919, -1.851539, -0.338738, 1.170612, -1.60766, 0.264275, 1.30851, -1.626612]
[-0.317154, 1.269558, -2.007576, 0.134483, 1.268046, -1.792984, -0.349029, 1.223054, -1.573896, 0.27024, 1.260908, -1.762219]
[-0.266575, 1.186495, -2.086808, 0.146435, 1.311284, -1.721536, -0.347111, 1.275478, -1.529005, 0.274001, 1.196908, -1.82173]
[-0.223897, 1.099315, -2.117294, 0.15655, 1.348828, -1.64899, -0.345056, 1.310532, -1.463718, 0.278837, 1.211408, -1.80565]
[-0.178325, 1.063613, -2.090922, 0.131271, 1.362458, -1.602078, -0.337967, 1.326037, -1.409328, 0.263074, 1.205313, -1.738282]
[-0.101997, 1.093782, -2.040866, 0.084547, 1.357505, -1.625417, -0.327771, 1.338632, -1.420276, 0.199097, 1.198523, -1.678963]
[-0.063753, 1.17574, -2.074923, 0.164558, 1.376709, -1.702151, -0.273715, 1.331171, -1.503958, 0.240602, 1.217482, -1.660229]
[-0.009283, 1.252425, -2.049758, 0.259496, 1.366887, -1.789471, -0.24859, 1.316755, -1.651877, 0.326108, 1.272279, -1.650903]
[0.024695, 1.316851, -2.009609, 0.286825, 1.354191, -1.821046, -0.263027, 1.298374, -1.765543, 0.37342, 1.321085, -1.61725]
[0.014783, 1.367849, -1.981868, 0.299093, 1.340524, -1.865862, -0.279927, 1.263263, -1.853419, 0.32083, 1.381575, -1.583675]
[-0.002513, 1.400493, -1.954813, 0.326044, 1.266401, -1.943187, -0.258685, 1.199388, -1.961931, 0.23439, 1.431309, -1.5343]
[-0.008289, 1.423667, -1.897724, 0.328662, 1.113514, -2.032381, -0.248304, 1.12904, -2.05636, 0.204054, 1.45761, -1.4697]
[-0.006, 1.443899, -1.802507, 0.325627, 0.975192, -2.08113, -0.255734, 1.064508, -2.057375, 0.238093, 1.475579, -1.403143]
[-0.000844, 1.466559, -1.710896, 0.295716, 0.89355, -2.008017, -0.248964, 1.021501, -1.942819, 0.263969, 1.497096, -1.365887]
[-0.013786, 1.489091, -1.669629, 0.247459, 0.894288, -1.823413, -0.21339, 1.021482, -1.843811, 0.233628, 1.478566, -1.372391]
[-0.093381, 1.453951, -1.699777, 0.213485, 0.952523, -1.900182, -0.23242, 1.006333, -1.769105, 0.146698, 1.410019, -1.451292]
[-0.20309, 1.432749, -1.757081, 0.166107, 1.020526, -1.960232, -0.267407, 1.021137, -1.725369, 0.167222, 1.368915, -1.506105]
[-0.28431, 1.358586, -1.79545, 0.14523, 1.086489, -1.952254, -0.29633, 1.04512, -1.683217, 0.251062, 1.331901, -1.500991]
[-0.281175, 1.29714, -1.825022, 0.133892, 1.13951, -1.886225, -0.333695, 1.084246, -1.656561, 0.281819, 1.269389, -1.487331]
[-0.289718, 1.264481, -1.884874, 0.14176, 1.193146, -1.81129, -0.354213, 1.146523, -1.641829, 0.285699, 1.246299, -1.522463]
[-0.31243, 1.259327, -1.984789, 0.13941, 1.232814, -1.764644, -0.354003, 1.200055, -1.614944, 0.256181, 1.252227, -1.683459]
[-0.279377, 1.228392, -2.073113, 0.129846, 1.264233, -1.716278, -0.340218, 1.253268, -1.570582, 0.246983, 1.201577, -1.800118]
[-0.168404, 1.163812, -2.10809, 0.143284, 1.292295, -1.640154, -0.307041, 1.301793, -1.5022, 0.270901, 1.164975, -1.783181]
[-0.085632, 1.089681, -2.084754, 0.145601, 1.307169, -1.539044, -0.304523, 1.336275, -1.459364, 0.259133, 1.171165, -1.70968]
[-0.080289, 1.083214, -2.003005, 0.050167, 1.309883, -1.578185, -0.335013, 1.355035, -1.476612, 0.197608, 1.161139, -1.645415]
[-0.065646, 1.150062, -1.960061, 0.058185, 1.331618, -1.703404, -0.304932, 1.35072, -1.516284, 0.174068, 1.142244, -1.606329]
[-0.00188, 1.233435, -1.984231, 0.18611, 1.344239, -1.799446, -0.233226, 1.351065, -1.606789, 0.230576, 1.187398, -1.584384]
[0.061561, 1.297633, -1.950811, 0.264511, 1.340599, -1.830594, -0.212772, 1.343344, -1.729548, 0.285083, 1.256493, -1.561908]
[0.093251, 1.344374, -1.897443, 0.292584, 1.335231, -1.855077, -0.239515, 1.300752, -1.84002, 0.297021, 1.317401, -1.542172]
[0.088378, 1.386282, -1.849289, 0.305706, 1.293209, -1.924042, -0.271755, 1.228581, -1.948099, 0.25949, 1.379835, -1.513018]
[0.068757, 1.417438, -1.796098, 0.314042, 1.178643, -2.014829, -0.267287, 1.128915, -2.046262, 0.204807, 1.429888, -1.466037]
[0.075765, 1.430938, -1.708497, 0.316263, 1.023386, -2.065158, -0.241986, 1.04276, -2.062573, 0.206091, 1.464353, -1.399122]
[0.084889, 1.440091, -1.608102, 0.265836, 0.907753, -2.025223, -0.250571, 0.997788, -1.972375, 0.246217, 1.471527, -1.350775]
[0.055812, 1.441037, -1.585173, 0.174611, 0.871799, -1.833212, -0.232372, 1.014603, -1.852301, 0.238647, 1.447326, -1.356892]
[-0.017658, 1.410939, -1.661023, 0.116764, 0.921784, -1.879678, -0.240341, 1.020679, -1.795691, 0.171864, 1.395775, -1.419373]
[-0.140964, 1.355907, -1.739997, 0.081448, 0.984571, -1.923623, -0.247883, 1.043405, -1.742737, 0.172537, 1.371472, -1.476324]
[-0.264784, 1.334659, -1.776579, 0.084852, 1.044697, -1.90281, -0.241191, 1.029686, -1.728897, 0.240367, 1.351388, -1.493377]
[-0.289998, 1.313856, -1.799603, 0.060886, 1.088604, -1.814315, -0.283037, 1.080247, -1.717988, 0.27294, 1.293949, -1.509023]
[-0.277263, 1.282351, -1.845182, 0.047882, 1.132719, -1.733593, -0.316059, 1.139098, -1.691989, 0.285998, 1.228164, -1.584547]
[-0.273661, 1.262628, -1.935086, 0.056417, 1.174421, -1.68736, -0.302212, 1.185194, -1.648849, 0.264898, 1.145849, -1.692683]
[-0.24744, 1.220197, -2.041536, 0.067146, 1.203436, -1.640753, -0.263875, 1.228444, -1.592625, 0.231643, 1.066609, -1.780971]
[-0.183531, 1.145383, -2.104294, 0.060442, 1.218651, -1.55692, -0.245363, 1.27726, -1.528017, 0.234256, 1.041529, -1.794453]
[-0.106746, 1.072518, -2.095713, 0.037926, 1.223505, -1.441509, -0.26183, 1.318129, -1.472061, 0.246823, 1.045817, -1.722623]
[-0.04607, 1.035438, -2.014214, -0.017684, 1.227179, -1.423623, -0.296443, 1.342504, -1.469093, 0.192025, 1.024954, -1.639031]
[0.014032, 1.021791, -1.885804, -0.052801, 1.226544, -1.595076, -0.301892, 1.354595, -1.479695, 0.16442, 1.036739, -1.602287]
[0.086837, 1.118171, -1.952017, 0.032355, 1.226117, -1.748499, -0.236626, 1.356873, -1.581344, 0.223319, 1.083297, -1.598889]
[0.141014, 1.223372, -1.980312, 0.122421, 1.2675, -1.819125, -0.20411, 1.329495, -1.719548, 0.266477, 1.147272, -1.613079]
[0.165981, 1.312618, -1.946591, 0.17923, 1.296904, -1.849721, -0.213915, 1.296847, -1.809509, 0.299019, 1.239504, -1.612136]
[0.140178, 1.380187, -1.888996, 0.249787, 1.299924, -1.922438, -0.248533, 1.221881, -1.912495, 0.256441, 1.338405, -1.592359]
[0.12297, 1.416004, -1.804546, 0.288682, 1.241799, -2.015665, -0.231086, 1.123463, -2.029823, 0.214094, 1.424202, -1.550245]
[0.139485, 1.426588, -1.694824, 0.268453, 1.108026, -2.073039, -0.222164, 1.043961, -2.086543, 0.23636, 1.469514, -1.485766]
[0.155192, 1.432556, -1.58366, 0.22281, 0.984773, -2.0684, -0.25119, 0.999099, -2.030703, 0.27645, 1.487827, -1.446054]
[0.142169, 1.433984, -1.564308, 0.120713, 0.909797, -1.929289, -0.232116, 1.000033, -1.896338, 0.25777, 1.513764, -1.417641]
[0.123769, 1.38506, -1.646672, 0.033557, 0.890677, -1.767829, -0.149646, 1.020661, -1.811152, 0.254283, 1.522281, -1.418899]
[0.00674, 1.326689, -1.720668, 0.002911, 0.964611, -1.84803, -0.173634, 1.036792, -1.772101, 0.186369, 1.505771, -1.450228]
[-0.13839, 1.301815, -1.743738, 0.003825, 1.029324, -1.861173, -0.181959, 1.060722, -1.735459, 0.201477, 1.452582, -1.498743]
[-0.287171, 1.289624, -1.734789, 0.015289, 1.077096, -1.835892, -0.194558, 1.068307, -1.689208, 0.247658, 1.367525, -1.520594]
[-0.315822, 1.280381, -1.766745, -0.004741, 1.116034, -1.782184, -0.233953, 1.102157, -1.658316, 0.273, 1.297907, -1.576536]
[-0.289273, 1.274386, -1.870877, -0.029576, 1.153645, -1.73221, -0.262613, 1.152705, -1.634303, 0.267857, 1.204804, -1.655843]
[-0.265519, 1.239294, -1.9904, -0.039099, 1.188271, -1.688727, -0.261685, 1.196313, -1.594104, 0.248641, 1.114499, -1.734328]
[-0.220136, 1.158417, -2.070505, -0.031563, 1.219226, -1.62796, -0.242116, 1.232406, -1.530988, 0.252097, 1.079189, -1.757736]
[-0.171694, 1.094682, -2.082694, -0.035679, 1.242474, -1.546466, -0.234065, 1.264516, -1.471731, 0.262707, 1.067737, -1.718915]
[-0.104802, 1.048846, -2.034108, -0.062591, 1.259376, -1.463084, -0.255157, 1.304903, -1.441501, 0.238854, 1.032381, -1.656348]
[-0.012536, 1.025033, -1.899322, -0.072031, 1.295581, -1.54095, -0.274649, 1.333029, -1.441659, 0.199005, 1.017866, -1.602831]
[0.036878, 1.098263, -1.923458, 0.041148, 1.303585, -1.692516, -0.256831, 1.329109, -1.529557, 0.205935, 1.029937, -1.563639]
[0.097201, 1.199051, -1.960997, 0.150416, 1.305807, -1.789742, -0.220696, 1.330852, -1.657186, 0.257805, 1.091689, -1.564505]
[0.128466, 1.28749, -1.949098, 0.22502, 1.317335, -1.836798, -0.226916, 1.306402, -1.769153, 0.27462, 1.178202, -1.569571]
[0.135957, 1.353392, -1.888342, 0.265776, 1.326019, -1.902278, -0.245963, 1.244744, -1.878338, 0.261006, 1.288419, -1.570017]
[0.136076, 1.394967, -1.802942, 0.291007, 1.286553, -1.993611, -0.2416, 1.151069, -1.999728, 0.241072, 1.390384, -1.544039]
[0.141767, 1.4137, -1.701706, 0.287987, 1.171719, -2.068141, -0.234188, 1.06175, -2.08434, 0.240393, 1.453301, -1.489622]
[0.152088, 1.418692, -1.588279, 0.253762, 1.028932, -2.084788, -0.244903, 1.005808, -2.056723, 0.270772, 1.473529, -1.438418]
[0.146917, 1.41918, -1.533259, 0.160003, 0.932782, -2.010102, -0.251191, 1.003582, -1.950647, 0.261903, 1.49355, -1.409107]
[0.131456, 1.431393, -1.570212, 0.047999, 0.887008, -1.804031, -0.189386, 1.034071, -1.832841, 0.24695, 1.49963, -1.411834]
[0.067147, 1.427204, -1.65959, 0.014433, 0.95043, -1.873427, -0.196146, 1.042338, -1.792155, 0.16697, 1.473677, -1.470873]
[-0.092058, 1.353544, -1.724398, 0.004721, 1.016677, -1.893089, -0.202675, 1.071851, -1.754189, 0.171216, 1.439073, -1.496569]
[-0.269114, 1.304773, -1.75299, 0.032092, 1.075253, -1.862458, -0.19608, 1.098472, -1.71262, 0.212587, 1.408801, -1.479329]
[-0.318765, 1.291867, -1.788479, 0.029479, 1.113417, -1.807189, -0.207369, 1.122116, -1.687761, 0.245306, 1.371949, -1.537842]
