[-0.134515, 1.028879, -2.031996, 0.136202, 1.027874, -2.033596, -0.161317, 1.004254, -2.026298, 0.159609, 1.003036, -2.030263]
[-0.134529, 1.02862, -2.03176, 0.136147, 1.027625, -2.033453, -0.161366, 1.004382, -2.026777, 0.159683, 1.003134, -2.030772]
[-0.134538, 1.028337, -2.031474, 0.136088, 1.027351, -2.03326, -0.161411, 1.004487, -2.02721, 0.159751, 1.003212, -2.031236]
[-0.134541, 1.028029, -2.031138, 0.136023, 1.027054, -2.033016, -0.16145, 1.004571, -2.027597, 0.159813, 1.003271, -2.031655]
[-0.134539, 1.027698, -2.030754, 0.135954, 1.026735, -2.032724, -0.161485, 1.004634, -2.027939, 0.159868, 1.003309, -2.03203]
[-0.134531, 1.027344, -2.030322, 0.13588, 1.026393, -2.032384, -0.161515, 1.004675, -2.028237, 0.159918, 1.003328, -2.032362]
[-0.134518, 1.026967, -2.029844, 0.135802, 1.02603, -2.031997, -0.16154, 1.004696, -2.02849, 0.159961, 1.003328, -2.032651]
[-0.134499, 1.026569, -2.02932, 0.13572, 1.025645, -2.031563, -0.16156, 1.004696, -2.0287, 0.159999, 1.00331, -2.032898]
[-0.134475, 1.026148, -2.028752, 0.135634, 1.02524, -2.031085, -0.161576, 1.004676, -2.028868, 0.16003, 1.003274, -2.033103]
[-0.134446, 1.025707, -2.02814, 0.135543, 1.024815, -2.030563, -0.161587, 1.004637, -2.028994, 0.160055, 1.003219, -2.033268]
[-0.134412, 1.025246, -2.027487, 0.135449, 1.02437, -2.029998, -0.161594, 1.004578, -2.029079, 0.160075, 1.003148, -2.033393]
[-0.134373, 1.024765, -2.026792, 0.135352, 1.023907, -2.029391, -0.161596, 1.0045, -2.029124, 0.160088, 1.003059, -2.033479]
[-0.13433, 1.024265, -2.026058, 0.135251, 1.023426, -2.028744, -0.161595, 1.004404, -2.02913, 0.160097, 1.002954, -2.033528]
[-0.134281, 1.023747, -2.025286, 0.135146, 1.022927, -2.028058, -0.16159, 1.00429, -2.029098, 0.160099, 1.002833, -2.033539]
[-0.134229, 1.023211, -2.024477, 0.135039, 1.022412, -2.027334, -0.161581, 1.004158, -2.029028, 0.160096, 1.002697, -2.033513]
[-0.134172, 1.022659, -2.023633, 0.134929, 1.021881, -2.026574, -0.161568, 1.004009, -2.028921, 0.160088, 1.002545, -2.033453]
[-0.134111, 1.02209, -2.022754, 0.134816, 1.021335, -2.025779, -0.161551, 1.003844, -2.028779, 0.160074, 1.002379, -2.033358]
[-0.134046, 1.021506, -2.021842, 0.1347, 1.020773, -2.024949, -0.161531, 1.003662, -2.028603, 0.160056, 1.002198, -2.033229]
[-0.133977, 1.020906, -2.020899, 0.134582, 1.020199, -2.024088, -0.161508, 1.003465, -2.028393, 0.160032, 1.002005, -2.033069]
[-0.133904, 1.020293, -2.019926, 0.134462, 1.019611, -2.023195, -0.161481, 1.003252, -2.028151, 0.160004, 1.001798, -2.032877]
[-0.133828, 1.019667, -2.018924, 0.134339, 1.01901, -2.022273, -0.161452, 1.003025, -2.027878, 0.15997, 1.001578, -2.032655]
[-0.133748, 1.019028, -2.017896, 0.134215, 1.018398, -2.021323, -0.16142, 1.002783, -2.027574, 0.159933, 1.001347, -2.032404]
[-0.133665, 1.018378, -2.016842, 0.134089, 1.017775, -2.020347, -0.161385, 1.002528, -2.027241, 0.159891, 1.001103, -2.032125]
[-0.13358, 1.017716, -2.015764, 0.133961, 1.017142, -2.019345, -0.161347, 1.00226, -2.026881, 0.159844, 1.000849, -2.031818]
[-0.133491, 1.017045, -2.014664, 0.133832, 1.016499, -2.01832, -0.161307, 1.00198, -2.026493, 0.159794, 1.000585, -2.031486]
[-0.133399, 1.016364, -2.013542, 0.133702, 1.015848, -2.017273, -0.161264, 1.001688, -2.02608, 0.159739, 1.00031, -2.03113]
[-0.133305, 1.015674, -2.012402, 0.133571, 1.015189, -2.016205, -0.161219, 1.001384, -2.025642, 0.159681, 1.000026, -2.030749]
[-0.133209, 1.014977, -2.011243, 0.133439, 1.014523, -2.015119, -0.161173, 1.001069, -2.025181, 0.159619, 0.999734, -2.030346]
[-0.13311, 1.014272, -2.010069, 0.133306, 1.01385, -2.014014, -0.161124, 1.000745, -2.024698, 0.159554, 0.999433, -2.029922]
[-0.13301, 1.013561, -2.008879, 0.133172, 1.013172, -2.012894, -0.161073, 1.00041, -2.024194, 0.159486, 0.999124, -2.029478]
[-0.132907, 1.012845, -2.007677, 0.133039, 1.012489, -2.01176, -0.161021, 1.000067, -2.02367, 0.159414, 0.998808, -2.029015]
[-0.132803, 1.012124, -2.006463, 0.132905, 1.011803, -2.010613, -0.160967, 0.999715, -2.023127, 0.159339, 0.998485, -2.028534]
[-0.132697, 1.011399, -2.005238, 0.13277, 1.011112, -2.009454, -0.160912, 0.999356, -2.022567, 0.159262, 0.998156, -2.028036]
[-0.13259, 1.010671, -2.004006, 0.132636, 1.010419, -2.008286, -0.160856, 0.998988, -2.021991, 0.159182, 0.997822, -2.027523]
[-0.132482, 1.009941, -2.002766, 0.132503, 1.009725, -2.007109, -0.160799, 0.998615, -2.0214, 0.1591, 0.997482, -2.026995]
[-0.132372, 1.009209, -2.00152, 0.132369, 1.009029, -2.005926, -0.16074, 0.998235, -2.020795, 0.159015, 0.997138, -2.026454]
[-0.132262, 1.008476, -2.000271, 0.132236, 1.008333, -2.004738, -0.160681, 0.997849, -2.020177, 0.158929, 0.996789, -2.025901]
[-0.132151, 1.007743, -1.999019, 0.132104, 1.007637, -2.003545, -0.160621, 0.997459, -2.019548, 0.15884, 0.996438, -2.025337]
[-0.13204, 1.007011, -1.997766, 0.131973, 1.006942, -2.002351, -0.16056, 0.997064, -2.018908, 0.15875, 0.996083, -2.024764]
[-0.131928, 1.00628, -1.996513, 0.131842, 1.006249, -2.001156, -0.160499, 0.996665, -2.018259, 0.158658, 0.995726, -2.024181]
[-0.131815, 1.005551, -1.995263, 0.131713, 1.005559, -1.999961, -0.160437, 0.996263, -2.017603, 0.158565, 0.995366, -2.023591]
[-0.131703, 1.004825, -1.994015, 0.131585, 1.004871, -1.998768, -0.160376, 0.995859, -2.016939, 0.158471, 0.995006, -2.022994]
[-0.131591, 1.004103, -1.992772, 0.131458, 1.004188, -1.997579, -0.160314, 0.995452, -2.01627, 0.158376, 0.994644, -2.022392]
[-0.131479, 1.003385, -1.991535, 0.131332, 1.003509, -1.996395, -0.160252, 0.995043, -2.015596, 0.158279, 0.994282, -2.021786]
[-0.131367, 1.002672, -1.990305, 0.131208, 1.002835, -1.995217, -0.16019, 0.994634, -2.014918, 0.158183, 0.993919, -2.021176]
[-0.131256, 1.001964, -1.989084, 0.131086, 1.002167, -1.994046, -0.160128, 0.994224, -2.014238, 0.158085, 0.993558, -2.020564]
[-0.131145, 1.001263, -1.987873, 0.130965, 1.001505, -1.992884, -0.160066, 0.993814, -2.013557, 0.157987, 0.993197, -2.019951]
[-0.131036, 1.000569, -1.986673, 0.130846, 1.000851, -1.991733, -0.160005, 0.993405, -2.012875, 0.157889, 0.992838, -2.019337]
[-0.130927, 0.999882, -1.985486, 0.130729, 1.000204, -1.990592, -0.159945, 0.992997, -2.012194, 0.157791, 0.99248, -2.018724]
[-0.130819, 0.999203, -1.984312, 0.130615, 0.999565, -1.989464, -0.159884, 0.99259, -2.011515, 0.157693, 0.992125, -2.018113]
[-0.130712, 0.998533, -1.983153, 0.130502, 0.998935, -1.98835, -0.159825, 0.992185, -2.010838, 0.157595, 0.991772, -2.017504]
[-0.130606, 0.997873, -1.98201, 0.130391, 0.998314, -1.987251, -0.159766, 0.991783, -2.010165, 0.157497, 0.991423, -2.016899]
[-0.130502, 0.997222, -1.980884, 0.130283, 0.997703, -1.986168, -0.159708, 0.991385, -2.009496, 0.1574, 0.991077, -2.016298]
[-0.130399, 0.996582, -1.979776, 0.130177, 0.997103, -1.985102, -0.159651, 0.990989, -2.008833, 0.157303, 0.990735, -2.015703]
[-0.130298, 0.995953, -1.978687, 0.130074, 0.996513, -1.984054, -0.159595, 0.990598, -2.008176, 0.157207, 0.990397, -2.015113]
[-0.130198, 0.995335, -1.977618, 0.129973, 0.995935, -1.983025, -0.15954, 0.990211, -2.007527, 0.157112, 0.990064, -2.014531]
[-0.130101, 0.99473, -1.976571, 0.129874, 0.995369, -1.982016, -0.159486, 0.989829, -2.006885, 0.157018, 0.989736, -2.013956]
[-0.130005, 0.994137, -1.975545, 0.129778, 0.994815, -1.981028, -0.159433, 0.989452, -2.006252, 0.156925, 0.989414, -2.013389]
[-0.129911, 0.993557, -1.974542, 0.129685, 0.994274, -1.980062, -0.159381, 0.989081, -2.005629, 0.156834, 0.989097, -2.012832]
[-0.129819, 0.99299, -1.973563, 0.129595, 0.993745, -1.979119, -0.159331, 0.988716, -2.005016, 0.156743, 0.988787, -2.012284]
[-0.129729, 0.992437, -1.972608, 0.129507, 0.993231, -1.978199, -0.159282, 0.988357, -2.004415, 0.156654, 0.988483, -2.011747]
[-0.129642, 0.991898, -1.971678, 0.129422, 0.99273, -1.977304, -0.159234, 0.988005, -2.003825, 0.156567, 0.988185, -2.011222]
[-0.129557, 0.991374, -1.970775, 0.12934, 0.992244, -1.976433, -0.159188, 0.987661, -2.003247, 0.156481, 0.987895, -2.010708]
[-0.129474, 0.990865, -1.969898, 0.12926, 0.991772, -1.975589, -0.159144, 0.987324, -2.002683, 0.156397, 0.987612, -2.010206]
[-0.129393, 0.990371, -1.969048, 0.129184, 0.991315, -1.974771, -0.1591, 0.986994, -2.002132, 0.156315, 0.987336, -2.009718]
[-0.129315, 0.989893, -1.968226, 0.12911, 0.990873, -1.97398, -0.159059, 0.986673, -2.001595, 0.156234, 0.987068, -2.009242]
[-0.12924, 0.989431, -1.967432, 0.12904, 0.990446, -1.973216, -0.159019, 0.986361, -2.001073, 0.156156, 0.986808, -2.008781]
[-0.129167, 0.988984, -1.966667, 0.128972, 0.990036, -1.972481, -0.15898, 0.986057, -2.000566, 0.15608, 0.986557, -2.008334]
[-0.129097, 0.988555, -1.965932, 0.128907, 0.989641, -1.971774, -0.158944, 0.985762, -2.000075, 0.156005, 0.986314, -2.007902]
[-0.129029, 0.988142, -1.965226, 0.128846, 0.989262, -1.971096, -0.158908, 0.985476, -1.999599, 0.155933, 0.986079, -2.007485]
[-0.128965, 0.987746, -1.96455, 0.128787, 0.9889, -1.970448, -0.158875, 0.9852, -1.999141, 0.155863, 0.985854, -2.007084]
[-0.128903, 0.987367, -1.963905, 0.128731, 0.988555, -1.969829, -0.158843, 0.984933, -1.998699, 0.155796, 0.985637, -2.006699]
[-0.128843, 0.987005, -1.963291, 0.128678, 0.988226, -1.96924, -0.158813, 0.984676, -1.998274, 0.155731, 0.985429, -2.00633]
[-0.128787, 0.986661, -1.962707, 0.128629, 0.987914, -1.968682, -0.158785, 0.98443, -1.997867, 0.155668, 0.985231, -2.005977]
[-0.128734, 0.986334, -1.962155, 0.128582, 0.987618, -1.968154, -0.158759, 0.984193, -1.997478, 0.155607, 0.985042, -2.005641]
[-0.128683, 0.986025, -1.961634, 0.128538, 0.98734, -1.967657, -0.158734, 0.983967, -1.997106, 0.155549, 0.984863, -2.005323]
[-0.128635, 0.985734, -1.961144, 0.128497, 0.987079, -1.967191, -0.158711, 0.983752, -1.996753, 0.155494, 0.984693, -2.005021]
[-0.12859, 0.98546, -1.960686, 0.128459, 0.986835, -1.966756, -0.15869, 0.983547, -1.996418, 0.155441, 0.984533, -2.004736]
[-0.128549, 0.985205, -1.96026, 0.128424, 0.986608, -1.966352, -0.15867, 0.983352, -1.996102, 0.155391, 0.984383, -2.004469]
[-0.12851, 0.984967, -1.959866, 0.128392, 0.986399, -1.965979, -0.158653, 0.983169, -1.995804, 0.155343, 0.984242, -2.004219]
[-0.128474, 0.984748, -1.959503, 0.128363, 0.986207, -1.965637, -0.158637, 0.982996, -1.995525, 0.155298, 0.984111, -2.003987]
[-0.128441, 0.984546, -1.959171, 0.128337, 0.986032, -1.965326, -0.158622, 0.982835, -1.995265, 0.155255, 0.98399, -2.003772]
[-0.12841, 0.984362, -1.958871, 0.128313, 0.985874, -1.965046, -0.15861, 0.982684, -1.995023, 0.155215, 0.983879, -2.003575]
[-0.128383, 0.984196, -1.958603, 0.128293, 0.985733, -1.964796, -0.158599, 0.982544, -1.9948, 0.155178, 0.983778, -2.003396]
[-0.128359, 0.984048, -1.958365, 0.128275, 0.985609, -1.964578, -0.15859, 0.982416, -1.994596, 0.155143, 0.983687, -2.003234]
[-0.128338, 0.983917, -1.958158, 0.12826, 0.985502, -1.964389, -0.158582, 0.982298, -1.99441, 0.155111, 0.983605, -2.003089]
[-0.128319, 0.983804, -1.957983, 0.128248, 0.985412, -1.964231, -0.158576, 0.982191, -1.994243, 0.155081, 0.983533, -2.002961]
[-0.128304, 0.983709, -1.957837, 0.128238, 0.985339, -1.964103, -0.158572, 0.982095, -1.994095, 0.155054, 0.983471, -2.002851]
[-0.128291, 0.983631, -1.957722, 0.128231, 0.985282, -1.964005, -0.15857, 0.98201, -1.993964, 0.15503, 0.983419, -2.002757]
[-0.128281, 0.98357, -1.957636, 0.128227, 0.985242, -1.963936, -0.158569, 0.981936, -1.993852, 0.155008, 0.983376, -2.00268]
[-0.128274, 0.983526, -1.95758, 0.128225, 0.985218, -1.963896, -0.158569, 0.981873, -1.993757, 0.154989, 0.983342, -2.00262]
[-0.128269, 0.983499, -1.957553, 0.128226, 0.98521, -1.963884, -0.158571, 0.98182, -1.99368, 0.154972, 0.983318, -2.002576]
[-0.128268, 0.983489, -1.957554, 0.128229, 0.985217, -1.963901, -0.158574, 0.981778, -1.99362, 0.154958, 0.983303, -2.002548]
[-0.128269, 0.983495, -1.957584, 0.128235, 0.985241, -1.963946, -0.158579, 0.981746, -1.993578, 0.154946, 0.983297, -2.002536]
[-0.128273, 0.983517, -1.957641, 0.128243, 0.98528, -1.964017, -0.158586, 0.981724, -1.993552, 0.154937, 0.9833, -2.002539]
[-0.128279, 0.983556, -1.957726, 0.128254, 0.985334, -1.964116, -0.158593, 0.981713, -1.993543, 0.15493, 0.983312, -2.002558]
[-0.128288, 0.98361, -1.957837, 0.128266, 0.985403, -1.964241, -0.158602, 0.981712, -1.993549, 0.154925, 0.983333, -2.002591]
[-0.128299, 0.983679, -1.957975, 0.128281, 0.985487, -1.964391, -0.158612, 0.98172, -1.993572, 0.154923, 0.983362, -2.002638]
[-0.128313, 0.983764, -1.958137, 0.128299, 0.985585, -1.964567, -0.158624, 0.981738, -1.99361, 0.154923, 0.9834, -2.0027]
[-0.12833, 0.983864, -1.958325, 0.128318, 0.985697, -1.964767, -0.158637, 0.981766, -1.993662, 0.154925, 0.983446, -2.002775]
[-0.128349, 0.983978, -1.958538, 0.128339, 0.985823, -1.964991, -0.15865, 0.981803, -1.99373, 0.154929, 0.983499, -2.002864]
[-0.12837, 0.984107, -1.958774, 0.128363, 0.985962, -1.965239, -0.158665, 0.981849, -1.993811, 0.154935, 0.983561, -2.002965]
[-0.128393, 0.984249, -1.959033, 0.128388, 0.986115, -1.965509, -0.158681, 0.981904, -1.993906, 0.154944, 0.98363, -2.003079]
[-0.128419, 0.984406, -1.959314, 0.128415, 0.986281, -1.965801, -0.158698, 0.981967, -1.994015, 0.154954, 0.983706, -2.003205]
[-0.128446, 0.984575, -1.959618, 0.128445, 0.986459, -1.966115, -0.158716, 0.982039, -1.994136, 0.154966, 0.98379, -2.003342]
[-0.128476, 0.984758, -1.959942, 0.128475, 0.986649, -1.96645, -0.158735, 0.982119, -1.994269, 0.15498, 0.983881, -2.00349]
[-0.128508, 0.984953, -1.960287, 0.128508, 0.986852, -1.966804, -0.158754, 0.982207, -1.994414, 0.154996, 0.983978, -2.003648]
[-0.128542, 0.98516, -1.960651, 0.128543, 0.987066, -1.967178, -0.158775, 0.982303, -1.99457, 0.155014, 0.984081, -2.003817]
[-0.128578, 0.98538, -1.961035, 0.128579, 0.987291, -1.96757, -0.158796, 0.982406, -1.994737, 0.155033, 0.984191, -2.003995]
[-0.128616, 0.985611, -1.961436, 0.128616, 0.987526, -1.967981, -0.158818, 0.982516, -1.994914, 0.155054, 0.984307, -2.004182]
[-0.128655, 0.985853, -1.961856, 0.128655, 0.987773, -1.968408, -0.158841, 0.982633, -1.995101, 0.155077, 0.984429, -2.004377]
[-0.128696, 0.986106, -1.962292, 0.128696, 0.988029, -1.968852, -0.158864, 0.982757, -1.995297, 0.1551, 0.984556, -2.004581]
[-0.128739, 0.986369, -1.962743, 0.128737, 0.988295, -1.969311, -0.158887, 0.982888, -1.995502, 0.155126, 0.984689, -2.004791]
[-0.128783, 0.986642, -1.963211, 0.12878, 0.98857, -1.969785, -0.158911, 0.983024, -1.995714, 0.155152, 0.984826, -2.005009]
[-0.128829, 0.986925, -1.963692, 0.128825, 0.988855, -1.970273, -0.158936, 0.983166, -1.995934, 0.15518, 0.984968, -2.005233]
[-0.128876, 0.987217, -1.964188, 0.12887, 0.989148, -1.970775, -0.158961, 0.983314, -1.996161, 0.155209, 0.985114, -2.005463]
[-0.128925, 0.987518, -1.964696, 0.128917, 0.989449, -1.971289, -0.158986, 0.983466, -1.996394, 0.155239, 0.985265, -2.005697]
[-0.128975, 0.987827, -1.965217, 0.128965, 0.989757, -1.971815, -0.159012, 0.983624, -1.996632, 0.15527, 0.98542, -2.005937]
[-0.129026, 0.988145, -1.965749, 0.129013, 0.990074, -1.972352, -0.159037, 0.983787, -1.996876, 0.155302, 0.985578, -2.006181]
[-0.129078, 0.98847, -1.966292, 0.129063, 0.990397, -1.9729, -0.159063, 0.983953, -1.997125, 0.155334, 0.98574, -2.006428]
[-0.129131, 0.988802, -1.966844, 0.129113, 0.990727, -1.973457, -0.159089, 0.984124, -1.997378, 0.155368, 0.985905, -2.006678]
[-0.129186, 0.989141, -1.967406, 0.129165, 0.991063, -1.974022, -0.159115, 0.984299, -1.997634, 0.155402, 0.986072, -2.006931]
[-0.129241, 0.989487, -1.967977, 0.129217, 0.991405, -1.974596, -0.159141, 0.984477, -1.997893, 0.155437, 0.986243, -2.007185]
[-0.129297, 0.989838, -1.968555, 0.129269, 0.991752, -1.975177, -0.159167, 0.984658, -1.998154, 0.155472, 0.986416, -2.007441]
[-0.129354, 0.990195, -1.96914, 0.129323, 0.992105, -1.975764, -0.159193, 0.984842, -1.998418, 0.155508, 0.98659, -2.007698]
[-0.129411, 0.990558, -1.969731, 0.129377, 0.992462, -1.976357, -0.159218, 0.985029, -1.998682, 0.155544, 0.986767, -2.007956]
[-0.129469, 0.990925, -1.970327, 0.129431, 0.992824, -1.976955, -0.159244, 0.985218, -1.998947, 0.155581, 0.986945, -2.008213]
[-0.129528, 0.991297, -1.970928, 0.129486, 0.99319, -1.977558, -0.159269, 0.985409, -1.999213, 0.155617, 0.987125, -2.008469]
[-0.129587, 0.991672, -1.971534, 0.129541, 0.993559, -1.978164, -0.159294, 0.985602, -1.999478, 0.155654, 0.987305, -2.008725]
[-0.129646, 0.992052, -1.972142, 0.129597, 0.993931, -1.978773, -0.159318, 0.985796, -1.999742, 0.155691, 0.987486, -2.008978]
[-0.129706, 0.992435, -1.972754, 0.129652, 0.994307, -1.979384, -0.159343, 0.985992, -2.000005, 0.155728, 0.987668, -2.00923]
[-0.129766, 0.99282, -1.973367, 0.129708, 0.994685, -1.979996, -0.159366, 0.986188, -2.000266, 0.155765, 0.987851, -2.009478]
[-0.129827, 0.993209, -1.973982, 0.129765, 0.995065, -1.98061, -0.159389, 0.986385, -2.000525, 0.155802, 0.988033, -2.009724]
[-0.129887, 0.993599, -1.974597, 0.129821, 0.995447, -1.981223, -0.159412, 0.986582, -2.00078, 0.155839, 0.988215, -2.009966]
[-0.129947, 0.993992, -1.975212, 0.129877, 0.99583, -1.981836, -0.159434, 0.98678, -2.001033, 0.155875, 0.988397, -2.010204]
[-0.130008, 0.994386, -1.975826, 0.129933, 0.996215, -1.982448, -0.159455, 0.986977, -2.001281, 0.155911, 0.988578, -2.010438]
[-0.130068, 0.994781, -1.97644, 0.12999, 0.9966, -1.983059, -0.159476, 0.987174, -2.001526, 0.155946, 0.988758, -2.010666]
[-0.130128, 0.995177, -1.977051, 0.130046, 0.996986, -1.983666, -0.159496, 0.98737, -2.001765, 0.155981, 0.988937, -2.010889]
[-0.130188, 0.995573, -1.97766, 0.130102, 0.997372, -1.984271, -0.159515, 0.987565, -2.002, 0.156016, 0.989115, -2.011107]
[-0.130248, 0.99597, -1.978266, 0.130157, 0.997758, -1.984872, -0.159534, 0.987759, -2.002229, 0.15605, 0.989292, -2.011318]
[-0.130307, 0.996367, -1.978868, 0.130213, 0.998143, -1.98547, -0.159552, 0.987952, -2.002452, 0.156083, 0.989467, -2.011523]
[-0.130366, 0.996763, -1.979466, 0.130268, 0.998528, -1.986062, -0.159568, 0.988143, -2.002668, 0.156116, 0.989639, -2.011721]
[-0.130424, 0.997158, -1.98006, 0.130323, 0.998912, -1.98665, -0.159584, 0.988332, -2.002878, 0.156148, 0.98981, -2.011912]
[-0.130482, 0.997552, -1.980648, 0.130377, 0.999294, -1.987231, -0.159599, 0.98852, -2.003081, 0.156179, 0.989979, -2.012095]
[-0.130539, 0.997945, -1.981231, 0.130432, 0.999675, -1.987807, -0.159613, 0.988705, -2.003277, 0.156209, 0.990145, -2.01227]
[-0.130596, 0.998337, -1.981807, 0.130485, 1.000054, -1.988376, -0.159626, 0.988887, -2.003464, 0.156238, 0.990309, -2.012437]
[-0.130652, 0.998726, -1.982377, 0.130538, 1.000432, -1.988937, -0.159638, 0.989067, -2.003644, 0.156266, 0.990469, -2.012595]
[-0.130707, 0.999114, -1.98294, 0.130591, 1.000806, -1.989491, -0.159649, 0.989244, -2.003815, 0.156293, 0.990627, -2.012745]
[-0.130762, 0.999499, -1.983496, 0.130643, 1.001178, -1.990038, -0.159659, 0.989419, -2.003978, 0.156319, 0.990782, -2.012885]
[-0.130816, 0.999881, -1.984044, 0.130694, 1.001548, -1.990575, -0.159668, 0.98959, -2.004131, 0.156344, 0.990933, -2.013016]
[-0.130868, 1.00026, -1.984583, 0.130744, 1.001914, -1.991104, -0.159676, 0.989757, -2.004276, 0.156368, 0.991082, -2.013138]
[-0.13092, 1.000637, -1.985114, 0.130794, 1.002277, -1.991624, -0.159682, 0.989921, -2.004411, 0.156391, 0.991226, -2.01325]
[-0.130971, 1.00101, -1.985636, 0.130844, 1.002637, -1.992135, -0.159688, 0.990082, -2.004536, 0.156412, 0.991367, -2.013352]
[-0.131021, 1.00138, -1.986148, 0.130892, 1.002993, -1.992635, -0.159692, 0.990238, -2.004652, 0.156432, 0.991504, -2.013443]
[-0.13107, 1.001746, -1.986651, 0.13094, 1.003345, -1.993125, -0.159695, 0.990391, -2.004757, 0.156451, 0.991638, -2.013524]
[-0.131118, 1.002108, -1.987145, 0.130987, 1.003693, -1.993605, -0.159697, 0.99054, -2.004852, 0.156468, 0.991767, -2.013595]
[-0.131164, 1.002466, -1.987628, 0.131033, 1.004037, -1.994075, -0.159698, 0.990684, -2.004937, 0.156484, 0.991892, -2.013655]
[-0.13121, 1.002819, -1.9881, 0.131078, 1.004377, -1.994533, -0.159698, 0.990824, -2.005011, 0.156499, 0.992013, -2.013704]
[-0.131254, 1.003168, -1.988562, 0.131123, 1.004712, -1.99498, -0.159696, 0.99096, -2.005074, 0.156513, 0.99213, -2.013742]
[-0.131298, 1.003513, -1.989013, 0.131166, 1.005043, -1.995416, -0.159693, 0.991092, -2.005127, 0.156525, 0.992243, -2.01377]
[-0.13134, 1.003853, -1.989453, 0.131209, 1.005369, -1.99584, -0.159689, 0.991218, -2.005169, 0.156535, 0.992351, -2.013786]
[-0.13138, 1.004188, -1.989882, 0.13125, 1.005689, -1.996252, -0.159683, 0.99134, -2.005199, 0.156544, 0.992454, -2.013791]
[-0.13142, 1.004518, -1.9903, 0.131291, 1.006005, -1.996653, -0.159677, 0.991458, -2.005219, 0.156552, 0.992553, -2.013784]
[-0.131458, 1.004844, -1.990706, 0.131331, 1.006316, -1.997041, -0.159669, 0.99157, -2.005228, 0.156558, 0.992647, -2.013767]
[-0.131495, 1.005163, -1.9911, 0.13137, 1.006622, -1.997417, -0.15966, 0.991678, -2.005225, 0.156563, 0.992737, -2.013738]
[-0.13153, 1.005478, -1.991482, 0.131407, 1.006922, -1.997781, -0.15965, 0.991781, -2.005211, 0.156566, 0.992822, -2.013698]
[-0.131565, 1.005787, -1.991853, 0.131444, 1.007217, -1.998132, -0.159638, 0.991878, -2.005186, 0.156568, 0.992902, -2.013646]
[-0.131597, 1.006091, -1.992212, 0.13148, 1.007506, -1.998471, -0.159625, 0.991971, -2.00515, 0.156568, 0.992978, -2.013583]
[-0.131629, 1.006389, -1.992558, 0.131515, 1.00779, -1.998797, -0.159611, 0.992059, -2.005103, 0.156567, 0.993049, -2.013509]
[-0.131659, 1.006682, -1.992893, 0.131549, 1.008068, -1.999111, -0.159596, 0.992141, -2.005045, 0.156564, 0.993114, -2.013424]
[-0.131688, 1.006969, -1.993216, 0.131581, 1.008341, -1.999412, -0.15958, 0.992219, -2.004975, 0.156559, 0.993176, -2.013327]
[-0.131715, 1.00725, -1.993526, 0.131613, 1.008608, -1.999701, -0.159562, 0.992291, -2.004895, 0.156554, 0.993232, -2.01322]
[-0.131741, 1.007525, -1.993825, 0.131644, 1.008869, -1.999977, -0.159543, 0.992359, -2.004804, 0.156547, 0.993283, -2.013101]
[-0.131766, 1.007795, -1.994111, 0.131674, 1.009124, -2.00024, -0.159524, 0.992421, -2.004702, 0.156538, 0.99333, -2.012972]
[-0.13179, 1.008059, -1.994386, 0.131703, 1.009374, -2.000491, -0.159502, 0.992478, -2.004589, 0.156528, 0.993372, -2.012832]
[-0.131812, 1.008317, -1.994648, 0.13173, 1.009618, -2.00073, -0.15948, 0.99253, -2.004465, 0.156516, 0.993409, -2.012681]
[-0.131832, 1.008569, -1.994899, 0.131757, 1.009856, -2.000956, -0.159457, 0.992578, -2.004331, 0.156503, 0.993441, -2.012519]
[-0.131851, 1.008816, -1.995138, 0.131783, 1.010088, -2.00117, -0.159433, 0.99262, -2.004187, 0.156489, 0.993469, -2.012348]
[-0.131869, 1.009056, -1.995365, 0.131808, 1.010315, -2.001372, -0.159407, 0.992657, -2.004033, 0.156473, 0.993492, -2.012166]
[-0.131886, 1.009291, -1.99558, 0.131832, 1.010535, -2.001562, -0.159381, 0.992689, -2.003868, 0.156456, 0.99351, -2.011974]
[-0.131901, 1.00952, -1.995785, 0.131854, 1.01075, -2.001739, -0.159353, 0.992716, -2.003694, 0.156438, 0.993524, -2.011772]
[-0.131915, 1.009743, -1.995977, 0.131876, 1.010959, -2.001905, -0.159325, 0.992739, -2.00351, 0.156418, 0.993533, -2.01156]
[-0.131928, 1.009961, -1.996159, 0.131897, 1.011163, -2.00206, -0.159295, 0.992756, -2.003317, 0.156397, 0.993538, -2.011339]
[-0.131939, 1.010172, -1.99633, 0.131917, 1.011361, -2.002203, -0.159265, 0.992769, -2.003114, 0.156375, 0.993538, -2.011108]
[-0.13195, 1.010379, -1.99649, 0.131936, 1.011553, -2.002334, -0.159233, 0.992778, -2.002903, 0.156352, 0.993534, -2.010869]
[-0.131959, 1.010579, -1.996639, 0.131955, 1.01174, -2.002455, -0.159201, 0.992781, -2.002682, 0.156327, 0.993526, -2.010621]
[-0.131966, 1.010774, -1.996777, 0.131972, 1.011921, -2.002565, -0.159168, 0.992781, -2.002453, 0.156301, 0.993513, -2.010364]
[-0.131972, 1.010964, -1.996905, 0.131989, 1.012097, -2.002664, -0.159132, 0.992777, -2.002217, 0.156276, 0.993498, -2.010104]
[-0.131977, 1.011148, -1.997022, 0.132005, 1.012267, -2.002753, -0.159096, 0.992769, -2.001973, 0.156251, 0.993479, -2.009834]
[-0.131981, 1.011328, -1.99713, 0.13202, 1.012431, -2.002831, -0.159057, 0.992758, -2.001723, 0.156225, 0.993456, -2.009557]
[-0.131984, 1.011502, -1.997227, 0.132034, 1.012591, -2.0029, -0.159018, 0.992744, -2.001466, 0.156198, 0.993428, -2.009273]
[-0.131986, 1.011672, -1.997314, 0.132047, 1.012744, -2.002959, -0.158977, 0.992727, -2.001202, 0.156172, 0.993397, -2.008982]
[-0.131988, 1.011836, -1.997392, 0.132058, 1.012893, -2.003009, -0.158936, 0.992707, -2.000932, 0.156144, 0.993362, -2.008684]
[-0.131988, 1.011996, -1.997461, 0.132069, 1.013036, -2.003049, -0.158894, 0.992684, -2.000657, 0.156116, 0.993323, -2.00838]
[-0.131988, 1.012151, -1.997521, 0.132079, 1.013175, -2.003081, -0.15885, 0.992658, -2.000376, 0.156088, 0.99328, -2.008069]
[-0.131988, 1.012302, -1.997573, 0.132087, 1.013308, -2.003103, -0.158806, 0.992628, -2.000089, 0.156059, 0.993234, -2.007752]
[-0.131987, 1.012448, -1.997616, 0.132094, 1.013436, -2.003118, -0.158762, 0.992596, -1.999797, 0.156029, 0.993184, -2.007429]
[-0.131986, 1.012589, -1.997651, 0.1321, 1.013559, -2.003124, -0.158716, 0.992562, -1.999501, 0.155999, 0.993131, -2.007101]
[-0.131984, 1.012726, -1.997679, 0.132105, 1.013678, -2.003123, -0.15867, 0.992524, -1.9992, 0.155969, 0.993074, -2.006768]
[-0.131981, 1.012859, -1.997699, 0.132109, 1.013792, -2.003114, -0.158624, 0.992484, -1.998894, 0.155938, 0.993014, -2.00643]
[-0.131978, 1.012987, -1.997712, 0.132113, 1.013901, -2.003098, -0.158577, 0.992441, -1.998585, 0.155907, 0.992951, -2.006088]
[-0.131975, 1.013112, -1.997718, 0.132115, 1.014006, -2.003074, -0.158529, 0.992396, -1.998272, 0.155875, 0.992885, -2.005741]
[-0.131971, 1.013232, -1.997718, 0.132116, 1.014107, -2.003045, -0.158481, 0.992348, -1.997955, 0.155843, 0.992816, -2.00539]
[-0.131967, 1.013348, -1.997712, 0.132117, 1.014203, -2.003009, -0.158433, 0.992299, -1.997636, 0.15581, 0.992745, -2.005036]
[-0.131962, 1.013461, -1.9977, 0.132117, 1.014295, -2.002967, -0.158384, 0.992246, -1.997313, 0.155777, 0.99267, -2.004678]
[-0.131957, 1.01357, -1.997682, 0.132116, 1.014383, -2.002919, -0.158334, 0.992192, -1.996988, 0.155744, 0.992593, -2.004317]
[-0.131951, 1.013675, -1.997659, 0.132115, 1.014468, -2.002866, -0.158285, 0.992136, -1.996661, 0.155711, 0.992514, -2.003954]
[-0.131945, 1.013777, -1.997631, 0.132113, 1.014548, -2.002808, -0.158235, 0.992078, -1.996331, 0.155678, 0.992432, -2.003588]
[-0.131959, 1.013974, -1.997814, 0.132132, 1.014725, -2.002961, -0.158207, 0.992098, -1.996188, 0.155667, 0.992429, -2.003408]
[-0.131955, 1.013794, -1.997558, 0.132083, 1.014519, -2.002672, -0.158128, 0.99166, -1.995439, 0.155563, 0.99196, -2.002616]
[-0.131926, 1.013243, -1.996857, 0.13197, 1.013938, -2.001937, -0.157993, 0.990775, -1.994093, 0.155373, 0.99104, -2.001221]
[-0.131866, 1.012326, -1.995709, 0.131797, 1.012989, -2.000754, -0.157799, 0.989457, -1.992157, 0.155104, 0.989684, -1.999236]
[-0.131775, 1.011049, -1.994108, 0.131569, 1.01168, -1.99912, -0.15755, 0.987722, -1.989651, 0.154756, 0.987907, -1.996672]
[-0.131648, 1.009417, -1.99205, 0.131286, 1.010017, -1.99703, -0.157244, 0.985579, -1.986573, 0.154334, 0.985722, -1.993537]
[-0.131483, 1.007437, -1.989531, 0.130953, 1.008007, -1.994483, -0.156879, 0.983039, -1.982932, 0.153844, 0.983144, -1.989841]
[-0.131279, 1.005113, -1.986548, 0.130571, 1.005655, -1.991474, -0.156458, 0.980116, -1.978735, 0.153288, 0.980183, -1.98559]
[-0.131036, 1.002452, -1.983097, 0.130142, 1.002969, -1.988001, -0.15598, 0.976819, -1.973987, 0.15267, 0.976851, -1.980791]
[-0.130751, 0.999459, -1.979172, 0.129666, 0.999952, -1.984058, -0.155446, 0.97316, -1.968693, 0.151994, 0.973159, -1.975451]
[-0.130426, 0.99614, -1.974771, 0.129146, 0.996612, -1.979643, -0.15486, 0.96915, -1.96286, 0.151262, 0.969119, -1.969576]
[-0.130096, 0.99297, -1.970543, 0.128673, 0.993428, -1.975413, -0.154267, 0.965382, -1.957306, 0.1506, 0.965329, -1.964]
[-0.129771, 0.989949, -1.966494, 0.128235, 0.990395, -1.971369, -0.153687, 0.961833, -1.952025, 0.149989, 0.961762, -1.958685]
[-0.129456, 0.987074, -1.96263, 0.127827, 0.987513, -1.967514, -0.153131, 0.958478, -1.947009, 0.149421, 0.958395, -1.953604]
[-0.129155, 0.984344, -1.958953, 0.127447, 0.984776, -1.963849, -0.152605, 0.955298, -1.94225, 0.148891, 0.955208, -1.948793]
[-0.128868, 0.981758, -1.955467, 0.127092, 0.982185, -1.960377, -0.152115, 0.952277, -1.937746, 0.148398, 0.952185, -1.944261]
[-0.128598, 0.979313, -1.952174, 0.126761, 0.979735, -1.9571, -0.151664, 0.949399, -1.933491, 0.147939, 0.949308, -1.939988]
[-0.128344, 0.977007, -1.949076, 0.126452, 0.977426, -1.954018, -0.151249, 0.946663, -1.929485, 0.14751, 0.946566, -1.935974]
[-0.128106, 0.974838, -1.946174, 0.126166, 0.975255, -1.951133, -0.15086, 0.944089, -1.925728, 0.147113, 0.94398, -1.932211]
[-0.127885, 0.972803, -1.943469, 0.125902, 0.973219, -1.948448, -0.150499, 0.941675, -1.922221, 0.146746, 0.941555, -1.9287]
[-0.127681, 0.970902, -1.940965, 0.12566, 0.971316, -1.945963, -0.150163, 0.939416, -1.918961, 0.146409, 0.939285, -1.925436]
[-0.127517, 0.969139, -1.938532, 0.12539, 0.969542, -1.943532, -0.149886, 0.937381, -1.915938, 0.146063, 0.937229, -1.922392]
[-0.127382, 0.967507, -1.936169, 0.125105, 0.967891, -1.941157, -0.149656, 0.935557, -1.913142, 0.145719, 0.935377, -1.91956]
[-0.127267, 0.966003, -1.933881, 0.124813, 0.966362, -1.938846, -0.149464, 0.933937, -1.910567, 0.145383, 0.933723, -1.916938]
[-0.127169, 0.964622, -1.931669, 0.124519, 0.964953, -1.936602, -0.149302, 0.932511, -1.908206, 0.145061, 0.932258, -1.914523]
[-0.127082, 0.96336, -1.929535, 0.124228, 0.96366, -1.934431, -0.149168, 0.931271, -1.906053, 0.144755, 0.930976, -1.91231]
[-0.127006, 0.962215, -1.927483, 0.123943, 0.96248, -1.932336, -0.149058, 0.930208, -1.904103, 0.144466, 0.92987, -1.910294]
[-0.126938, 0.961182, -1.925514, 0.123664, 0.961411, -1.93032, -0.148969, 0.929316, -1.90235, 0.144197, 0.928932, -1.908472]
[-0.126877, 0.960259, -1.923631, 0.123394, 0.96045, -1.928386, -0.148899, 0.928588, -1.90079, 0.143946, 0.928155, -1.906838]
[-0.126823, 0.959442, -1.921837, 0.123133, 0.959594, -1.926536, -0.148847, 0.928017, -1.899417, 0.143716, 0.927535, -1.905388]
[-0.126775, 0.95873, -1.920133, 0.122882, 0.95884, -1.924774, -0.148813, 0.927597, -1.898227, 0.143504, 0.927063, -1.904119]
[-0.126669, 0.957965, -1.918385, 0.122686, 0.958051, -1.922997, -0.148714, 0.92709, -1.896927, 0.14334, 0.926522, -1.902769]
[-0.126523, 0.957152, -1.916596, 0.122525, 0.957225, -1.921199, -0.148568, 0.926502, -1.895521, 0.143203, 0.925912, -1.901336]
[-0.126349, 0.956293, -1.914766, 0.122387, 0.956363, -1.919376, -0.148388, 0.925838, -1.894016, 0.143083, 0.925236, -1.89982]
[-0.126157, 0.955392, -1.912897, 0.122262, 0.955464, -1.917525, -0.148185, 0.925103, -1.892417, 0.142971, 0.924495, -1.898221]
[-0.125952, 0.95445, -1.910989, 0.122145, 0.954529, -1.915643, -0.147964, 0.9243, -1.890726, 0.14286, 0.923691, -1.896541]
[-0.125739, 0.953469, -1.90904, 0.122032, 0.95356, -1.913728, -0.147729, 0.923434, -1.888948, 0.142748, 0.922829, -1.89478]
[-0.125521, 0.952451, -1.907051, 0.121919, 0.952556, -1.911778, -0.147484, 0.922508, -1.887084, 0.142631, 0.921909, -1.892939]
[-0.125298, 0.951396, -1.905021, 0.121804, 0.951519, -1.909792, -0.14723, 0.921524, -1.885138, 0.142509, 0.920935, -1.891021]
[-0.125073, 0.950307, -1.902949, 0.121687, 0.95045, -1.907769, -0.14697, 0.920486, -1.883111, 0.142379, 0.919909, -1.889027]
[-0.124847, 0.949185, -1.900835, 0.121565, 0.949349, -1.905706, -0.146704, 0.919396, -1.881005, 0.142241, 0.918834, -1.886958]
[-0.12469, 0.948119, -1.898806, 0.121387, 0.948287, -1.903697, -0.14651, 0.918369, -1.879001, 0.142049, 0.917803, -1.884957]
[-0.124582, 0.947112, -1.896872, 0.121172, 0.947265, -1.901746, -0.146368, 0.917401, -1.877093, 0.141822, 0.916819, -1.883028]
[-0.124508, 0.946155, -1.895015, 0.120937, 0.946284, -1.899858, -0.146262, 0.916488, -1.875275, 0.141577, 0.915881, -1.881173]
[-0.124458, 0.945247, -1.893235, 0.120691, 0.945346, -1.898034, -0.146182, 0.915629, -1.873546, 0.141322, 0.91499, -1.879393]
[-0.124425, 0.944385, -1.891531, 0.12044, 0.944449, -1.896276, -0.146122, 0.91482, -1.871901, 0.141064, 0.914145, -1.877689]
[-0.124403, 0.943569, -1.889902, 0.12019, 0.943595, -1.894586, -0.146076, 0.91406, -1.87034, 0.140808, 0.913346, -1.876061]
[-0.124391, 0.942798, -1.888348, 0.119943, 0.942782, -1.892964, -0.146041, 0.913348, -1.86886, 0.140556, 0.912591, -1.874509]
[-0.124386, 0.942071, -1.886867, 0.119701, 0.942011, -1.891412, -0.146016, 0.912681, -1.86746, 0.14031, 0.91188, -1.873031]
[-0.124387, 0.941387, -1.885461, 0.119466, 0.941282, -1.889928, -0.145998, 0.91206, -1.866139, 0.140071, 0.911212, -1.871629]
[-0.124392, 0.940746, -1.884128, 0.119239, 0.940593, -1.888515, -0.145987, 0.911482, -1.864895, 0.139841, 0.910586, -1.8703]
[-0.124315, 0.940069, -1.882753, 0.119091, 0.939893, -1.887101, -0.145892, 0.910857, -1.863587, 0.139687, 0.909937, -1.86895]
[-0.124183, 0.939362, -1.881344, 0.118996, 0.939178, -1.885682, -0.14574, 0.91019, -1.862222, 0.139583, 0.909263, -1.867574]
[-0.124014, 0.938626, -1.879903, 0.118934, 0.938446, -1.884251, -0.14555, 0.909485, -1.860806, 0.139509, 0.908564, -1.866168]
[-0.123821, 0.937865, -1.878433, 0.118893, 0.937698, -1.882807, -0.145335, 0.908746, -1.859342, 0.139455, 0.907838, -1.864731]
[-0.123613, 0.937079, -1.876935, 0.118865, 0.936931, -1.881345, -0.145103, 0.907973, -1.857834, 0.139411, 0.907086, -1.863262]
[-0.123395, 0.93627, -1.875411, 0.118844, 0.936146, -1.879866, -0.14486, 0.90717, -1.856283, 0.139372, 0.906309, -1.861759]
[-0.123171, 0.935439, -1.87386, 0.118825, 0.935344, -1.878367, -0.14461, 0.906337, -1.854692, 0.139333, 0.905507, -1.860224]
[-0.122944, 0.934588, -1.872283, 0.118806, 0.934523, -1.876847, -0.144356, 0.905477, -1.853062, 0.139294, 0.904681, -1.858656]
[-0.122716, 0.933715, -1.87068, 0.118785, 0.933686, -1.875306, -0.1441, 0.904596, -1.851404, 0.13925, 0.903833, -1.857056]
[-0.122488, 0.932824, -1.869051, 0.118761, 0.93283, -1.873742, -0.143844, 0.90369, -1.84971, 0.139202, 0.902963, -1.855425]
[-0.122351, 0.931979, -1.867487, 0.118653, 0.931997, -1.872198, -0.14368, 0.90284, -1.8481, 0.139072, 0.902124, -1.853833]
[-0.122276, 0.931175, -1.86598, 0.118492, 0.931188, -1.87068, -0.14358, 0.90204, -1.846565, 0.138891, 0.901319, -1.852283]
[-0.122241, 0.930411, -1.864527, 0.118296, 0.930405, -1.869192, -0.143523, 0.901287, -1.8451, 0.138678, 0.900547, -1.850781]
[-0.122234, 0.929683, -1.863125, 0.11808, 0.92965, -1.86774, -0.143496, 0.900577, -1.843701, 0.138447, 0.89981, -1.849328]
[-0.122245, 0.928989, -1.861772, 0.117854, 0.928923, -1.866324, -0.143488, 0.899909, -1.842364, 0.138207, 0.899108, -1.847925]
[-0.122268, 0.928329, -1.860466, 0.117622, 0.928224, -1.864947, -0.143495, 0.899279, -1.841088, 0.137963, 0.898441, -1.846574]
[-0.122299, 0.927701, -1.859208, 0.11739, 0.927554, -1.86361, -0.143511, 0.898688, -1.839869, 0.13772, 0.897807, -1.845273]
[-0.122335, 0.927105, -1.857996, 0.11716, 0.926913, -1.862313, -0.143534, 0.898132, -1.838708, 0.13748, 0.897206, -1.844024]
[-0.122374, 0.92654, -1.856831, 0.116934, 0.926299, -1.861057, -0.143562, 0.897612, -1.837603, 0.137246, 0.896638, -1.842826]
[-0.122416, 0.926004, -1.855713, 0.116713, 0.925714, -1.859843, -0.143594, 0.897125, -1.836552, 0.137017, 0.896102, -1.841677]
[-0.122357, 0.92544, -1.85456, 0.116592, 0.925128, -1.858647, -0.143525, 0.8966, -1.835448, 0.136885, 0.895556, -1.84053]
[-0.122232, 0.924852, -1.853383, 0.116536, 0.924539, -1.857463, -0.143389, 0.896042, -1.834303, 0.136816, 0.894999, -1.839378]
[-0.122064, 0.924243, -1.852187, 0.116522, 0.923943, -1.856284, -0.143208, 0.895455, -1.833121, 0.136788, 0.894426, -1.838215]
[-0.121868, 0.923617, -1.850974, 0.116535, 0.92334, -1.855106, -0.143, 0.894843, -1.831907, 0.136784, 0.893839, -1.83704]
[-0.121656, 0.922975, -1.849746, 0.116564, 0.922728, -1.853927, -0.142774, 0.894207, -1.830665, 0.136795, 0.893236, -1.835849]
[-0.121433, 0.922317, -1.848504, 0.116602, 0.922107, -1.852744, -0.142536, 0.89355, -1.829396, 0.136813, 0.892618, -1.834643]
[-0.121205, 0.921646, -1.84725, 0.116645, 0.921477, -1.851557, -0.142292, 0.892873, -1.828102, 0.136835, 0.891984, -1.833421]
[-0.120975, 0.920962, -1.845983, 0.116688, 0.920837, -1.850363, -0.142045, 0.892178, -1.826786, 0.136857, 0.891336, -1.832182]
[-0.120745, 0.920265, -1.844704, 0.116732, 0.920191, -1.849172, -0.141796, 0.891464, -1.825446, 0.136879, 0.890672, -1.830927]
[-0.120515, 0.919556, -1.843413, 0.116773, 0.919536, -1.847976, -0.141546, 0.890734, -1.824086, 0.136898, 0.889993, -1.829655]
[-0.120395, 0.918885, -1.842178, 0.11671, 0.918889, -1.846779, -0.141406, 0.890049, -1.822796, 0.136816, 0.889328, -1.828397]
[-0.120347, 0.918248, -1.840988, 0.116578, 0.918253, -1.845591, -0.141338, 0.889404, -1.821566, 0.136668, 0.88868, -1.827159]
[-0.120347, 0.917639, -1.839838, 0.116404, 0.917631, -1.844417, -0.141318, 0.888795, -1.820389, 0.136479, 0.888053, -1.825947]
[-0.120378, 0.917058, -1.838726, 0.116203, 0.917024, -1.84326, -0.14133, 0.888219, -1.819262, 0.136266, 0.887446, -1.824763]
[-0.120429, 0.916501, -1.837648, 0.115986, 0.916435, -1.842125, -0.141363, 0.887672, -1.818179, 0.136039, 0.886861, -1.82361]
[-0.120493, 0.915968, -1.836603, 0.11576, 0.915862, -1.841012, -0.14141, 0.887154, -1.81714, 0.135806, 0.886298, -1.822489]
[-0.120565, 0.915458, -1.835591, 0.115531, 0.915308, -1.839923, -0.141465, 0.886663, -1.816143, 0.13557, 0.885757, -1.8214]
[-0.120642, 0.914969, -1.83461, 0.115302, 0.914771, -1.838859, -0.141526, 0.886198, -1.815185, 0.135336, 0.885237, -1.820344]
[-0.120721, 0.914502, -1.83366, 0.115075, 0.914252, -1.837821, -0.141589, 0.885758, -1.814267, 0.135105, 0.884739, -1.819321]
[-0.120801, 0.914056, -1.832742, 0.114851, 0.913751, -1.836809, -0.141654, 0.885342, -1.813386, 0.134879, 0.88426, -1.81833]
[-0.120764, 0.913585, -1.83179, 0.114745, 0.913259, -1.835824, -0.141602, 0.884895, -1.81246, 0.134769, 0.883785, -1.817356]
[-0.120651, 0.913095, -1.830816, 0.114715, 0.912771, -1.834859, -0.141472, 0.884425, -1.811502, 0.134734, 0.883309, -1.816391]
[-0.120487, 0.912591, -1.829826, 0.114736, 0.912283, -1.833905, -0.141292, 0.883934, -1.810516, 0.134747, 0.882829, -1.815429]
[-0.120291, 0.912074, -1.828823, 0.114787, 0.911795, -1.83296, -0.141079, 0.883426, -1.809509, 0.134791, 0.882342, -1.814465]
[-0.120076, 0.911547, -1.82781, 0.114859, 0.911304, -1.832019, -0.140845, 0.882904, -1.808483, 0.134855, 0.881849, -1.813498]
[-0.119849, 0.91101, -1.826789, 0.114942, 0.91081, -1.831081, -0.1406, 0.882368, -1.807441, 0.134929, 0.881349, -1.812526]
[-0.119615, 0.910466, -1.825759, 0.115031, 0.910312, -1.830144, -0.140346, 0.881822, -1.806385, 0.13501, 0.880845, -1.811556]
[-0.119379, 0.909914, -1.824723, 0.115123, 0.909811, -1.829207, -0.140088, 0.881265, -1.805317, 0.135094, 0.880334, -1.810581]
[-0.119142, 0.909355, -1.823679, 0.115215, 0.909305, -1.828271, -0.139829, 0.880699, -1.804238, 0.135178, 0.879817, -1.8096]
[-0.117831, 0.908074, -1.823434, 0.115494, 0.908774, -1.827507, -0.139442, 0.879883, -1.802999, 0.134551, 0.878662, -1.809156]
[-0.117177, 0.907428, -1.822229, 0.115802, 0.908196, -1.82644, -0.138765, 0.879115, -1.801614, 0.134939, 0.87803, -1.807835]
[-0.116282, 0.906762, -1.820708, 0.115925, 0.907522, -1.825187, -0.137635, 0.878338, -1.800274, 0.13556, 0.877439, -1.806108]
[-0.115191, 0.906089, -1.818902, 0.115833, 0.90684, -1.824313, -0.136159, 0.877649, -1.799562, 0.136364, 0.876878, -1.803992]
[-0.113933, 0.905419, -1.816834, 0.115534, 0.906226, -1.82425, -0.134418, 0.877122, -1.799861, 0.137319, 0.876344, -1.801499]
[-0.112528, 0.904758, -1.814521, 0.115046, 0.905736, -1.825273, -0.132481, 0.876808, -1.801409, 0.138401, 0.875833, -1.79864]
[-0.11099, 0.904112, -1.811972, 0.114385, 0.905411, -1.827543, -0.130403, 0.876743, -1.804331, 0.139592, 0.875345, -1.795423]
[-0.109332, 0.903483, -1.809192, 0.113567, 0.905275, -1.831132, -0.128234, 0.876945, -1.808671, 0.140877, 0.874878, -1.79185]
[-0.107564, 0.902873, -1.806185, 0.112603, 0.905342, -1.83605, -0.126012, 0.877421, -1.814409, 0.14224, 0.874432, -1.787926]
[-0.105695, 0.902281, -1.802951, 0.111497, 0.905614, -1.842254, -0.12377, 0.878166, -1.821479, 0.143671, 0.874003, -1.783647]
[-0.103731, 0.901711, -1.799488, 0.11025, 0.906082, -1.849664, -0.121534, 0.879165, -1.829778, 0.145157, 0.873587, -1.77901]
[-0.101778, 0.90128, -1.796194, 0.109168, 0.906876, -1.858691, -0.119681, 0.880492, -1.839547, 0.146462, 0.873138, -1.774848]
[-0.09982, 0.900994, -1.793054, 0.108239, 0.90797, -1.869128, -0.118178, 0.882125, -1.850603, 0.147677, 0.872748, -1.771114]
[-0.09785, 0.900851, -1.790055, 0.107437, 0.909333, -1.880769, -0.116998, 0.884042, -1.862757, 0.148948, 0.872597, -1.767714]
[-0.095883, 0.90085, -1.787192, 0.106717, 0.910925, -1.893406, -0.116127, 0.886201, -1.875808, 0.150261, 0.872677, -1.764631]
[-0.093926, 0.900987, -1.784462, 0.106035, 0.912703, -1.90683, -0.115541, 0.888562, -1.88955, 0.151608, 0.872976, -1.761851]
[-0.091984, 0.901257, -1.781859, 0.105356, 0.914626, -1.920829, -0.115211, 0.891082, -1.90377, 0.152983, 0.873484, -1.759358]
[-0.090059, 0.901654, -1.779375, 0.104643, 0.916651, -1.935187, -0.115101, 0.893721, -1.918255, 0.154385, 0.87419, -1.757137]
[-0.088154, 0.902172, -1.777005, 0.103859, 0.918738, -1.949689, -0.115172, 0.896436, -1.932785, 0.15581, 0.875082, -1.755171]
[-0.086268, 0.902805, -1.77474, 0.102968, 0.920847, -1.964111, -0.115383, 0.89919, -1.947143, 0.157258, 0.876149, -1.753446]
[-0.084402, 0.903546, -1.772571, 0.101935, 0.922941, -1.978231, -0.115688, 0.901945, -1.961106, 0.158729, 0.877378, -1.751945]
[-0.082897, 0.904404, -1.770284, 0.100079, 0.924956, -1.9915, -0.116371, 0.904779, -1.974422, 0.159845, 0.878747, -1.750394]
[-0.081623, 0.905346, -1.767847, 0.097578, 0.926856, -2.003795, -0.117186, 0.907622, -1.986819, 0.160739, 0.88024, -1.748793]
[-0.080501, 0.906351, -1.765239, 0.094526, 0.928605, -2.014939, -0.117971, 0.910414, -1.998049, 0.16149, 0.881843, -1.74714]
[-0.079483, 0.9074, -1.762443, 0.090972, 0.930166, -2.024725, -0.118612, 0.913105, -2.007876, 0.162145, 0.883543, -1.745426]
[-0.07854, 0.908478, -1.759447, 0.086936, 0.931503, -2.032926, -0.119021, 0.915648, -2.016068, 0.162731, 0.885324, -1.743636]
[-0.077653, 0.909572, -1.756239, 0.082424, 0.93258, -2.039298, -0.119126, 0.917998, -2.022391, 0.163269, 0.887172, -1.741757]
[-0.07681, 0.910692, -1.752856, 0.077436, 0.933367, -2.043645, -0.118869, 0.920115, -2.026664, 0.163768, 0.889071, -1.739774]
[-0.076002, 0.911807, -1.749249, 0.071976, 0.933841, -2.045854, -0.118206, 0.921969, -2.028794, 0.164237, 0.891008, -1.737677]
[-0.075225, 0.912909, -1.745423, 0.066052, 0.933986, -2.045883, -0.117105, 0.923534, -2.028757, 0.164683, 0.892972, -1.735457]
[-0.074475, 0.913996, -1.741381, 0.059676, 0.933789, -2.04374, -0.115549, 0.924789, -2.026578, 0.165109, 0.89495, -1.733107]
[-0.074413, 0.914993, -1.737711, 0.052308, 0.933078, -2.039576, -0.11428, 0.925497, -2.022367, 0.164797, 0.896577, -1.730341]
[-0.074768, 0.915961, -1.73438, 0.044289, 0.93188, -2.033494, -0.112968, 0.925664, -2.016154, 0.163982, 0.897887, -1.727218]
[-0.075396, 0.916927, -1.731351, 0.035823, 0.930219, -2.025599, -0.111438, 0.925302, -2.008034, 0.162808, 0.898906, -1.72378]
[-0.076218, 0.917904, -1.728597, 0.027043, 0.928116, -2.016003, -0.109604, 0.924424, -1.998139, 0.161365, 0.899658, -1.720061]
[-0.077184, 0.918901, -1.726096, 0.018041, 0.925596, -2.004837, -0.10744, 0.923045, -1.986622, 0.159712, 0.900164, -1.71609]
[-0.078269, 0.919927, -1.723833, 0.008882, 0.922682, -1.992247, -0.104957, 0.921181, -1.973653, 0.157888, 0.900446, -1.711892]
[-0.079455, 0.920992, -1.721798, -0.00038, 0.9194, -1.978392, -0.102186, 0.918849, -1.959407, 0.155921, 0.900523, -1.707491]
[-0.080731, 0.922103, -1.71998, -0.009698, 0.915778, -1.963445, -0.099178, 0.916071, -1.944069, 0.153833, 0.900416, -1.70291]
[-0.08209, 0.923268, -1.718375, -0.019029, 0.91185, -1.947591, -0.095988, 0.912872, -1.927831, 0.151641, 0.900145, -1.698173]
[-0.083526, 0.924496, -1.716979, -0.028333, 0.90765, -1.931023, -0.092679, 0.909285, -1.910888, 0.149359, 0.899731, -1.693303]
[-0.084136, 0.925762, -1.715642, -0.036617, 0.903391, -1.914172, -0.088522, 0.905442, -1.893477, 0.148224, 0.899273, -1.688525]
[-0.084394, 0.927079, -1.714384, -0.044335, 0.899086, -1.897131, -0.084062, 0.901396, -1.875892, 0.147669, 0.898827, -1.683945]
[-0.084534, 0.928489, -1.713255, -0.051688, 0.894768, -1.880074, -0.079581, 0.897206, -1.858376, 0.147423, 0.898436, -1.679621]
[-0.084637, 0.930021, -1.712238, -0.058751, 0.890485, -1.863204, -0.075227, 0.892934, -1.841153, 0.147356, 0.898158, -1.67565]
[-0.084728, 0.93172, -1.711354, -0.065537, 0.886291, -1.846744, -0.07108, 0.888652, -1.824443, 0.147419, 0.898005, -1.671986]
[-0.08477, 0.933599, -1.710649, -0.072032, 0.882254, -1.830925, -0.06719, 0.884437, -1.808467, 0.14759, 0.898006, -1.668648]
[-0.084744, 0.935631, -1.710177, -0.078259, 0.878462, -1.815961, -0.064075, 0.880607, -1.79517, 0.147834, 0.898218, -1.66567]
[-0.084714, 0.937866, -1.709975, -0.084292, 0.875051, -1.802031, -0.063908, 0.882872, -1.79668, 0.148092, 0.898811, -1.663189]
[-0.084023, 0.940085, -1.709905, -0.089271, 0.872006, -1.789659, -0.063425, 0.885638, -1.798047, 0.148986, 0.899484, -1.661053]
[-0.082878, 0.942319, -1.71003, -0.093463, 0.869393, -1.778977, -0.062563, 0.888597, -1.799387, 0.150206, 0.900296, -1.659292]
[-0.081095, 0.944246, -1.709786, -0.097133, 0.86639, -1.765592, -0.061083, 0.891056, -1.799949, 0.151662, 0.901234, -1.657583]
[-0.07867, 0.94579, -1.709446, -0.100499, 0.863055, -1.750255, -0.059123, 0.893057, -1.799819, 0.153278, 0.901918, -1.655948]
[-0.075749, 0.947011, -1.709838, -0.100385, 0.862777, -1.748255, -0.056523, 0.894418, -1.798926, 0.15519, 0.902207, -1.654945]
[-0.073304, 0.948176, -1.711258, -0.099776, 0.863567, -1.748037, -0.054428, 0.895712, -1.797572, 0.156308, 0.902439, -1.654896]
[-0.071293, 0.949364, -1.713908, -0.099074, 0.864726, -1.74753, -0.052857, 0.896997, -1.795793, 0.15671, 0.902725, -1.656109]
[-0.069592, 0.950613, -1.717914, -0.098256, 0.866041, -1.746762, -0.051705, 0.898259, -1.793587, 0.156585, 0.903113, -1.658772]
[-0.068125, 0.951946, -1.723333, -0.097348, 0.867365, -1.745762, -0.050913, 0.899492, -1.79095, 0.156054, 0.903633, -1.662971]
[-0.066844, 0.953374, -1.730161, -0.096388, 0.868611, -1.744554, -0.050445, 0.900699, -1.787881, 0.155207, 0.9043, -1.668712]
[-0.065712, 0.954895, -1.738354, -0.095406, 0.869738, -1.743157, -0.050272, 0.90188, -1.784372, 0.154106, 0.905112, -1.675948]
[-0.0647, 0.956495, -1.747827, -0.094423, 0.870731, -1.741585, -0.050376, 0.903036, -1.780417, 0.152796, 0.906056, -1.68459]
[-0.063685, 0.958313, -1.758719, -0.093324, 0.871818, -1.740152, -0.050064, 0.904161, -1.776806, 0.151854, 0.907327, -1.694899]
[-0.062798, 0.960319, -1.770904, -0.092268, 0.873015, -1.738843, -0.04957, 0.905235, -1.773505, 0.15111, 0.908879, -1.706662]
[-0.06207, 0.962471, -1.784221, -0.091292, 0.874313, -1.737642, -0.048976, 0.906252, -1.770559, 0.150486, 0.910657, -1.719674]
[-0.061501, 0.964718, -1.798487, -0.090408, 0.875708, -1.736537, -0.048334, 0.907204, -1.767879, 0.149931, 0.912603, -1.733734]
[-0.061077, 0.967005, -1.813509, -0.089623, 0.877194, -1.735519, -0.047666, 0.908093, -1.765451, 0.149404, 0.91466, -1.748636]
[-0.060779, 0.969275, -1.829082, -0.088938, 0.878765, -1.734576, -0.047014, 0.90898, -1.763247, 0.148865, 0.916768, -1.76417]
[-0.060583, 0.97147, -1.844998, -0.088353, 0.880419, -1.733702, -0.046452, 0.910012, -1.761211, 0.148274, 0.918869, -1.780128]
[-0.060454, 0.973528, -1.861039, -0.08786, 0.882148, -1.73289, -0.04597, 0.911175, -1.759331, 0.147598, 0.9209, -1.796289]
[-0.060363, 0.975388, -1.87698, -0.087452, 0.883944, -1.732136, -0.045565, 0.912455, -1.757589, 0.146795, 0.922797, -1.81243]
[-0.06028, 0.976994, -1.892595, -0.087125, 0.885801, -1.731433, -0.045233, 0.913836, -1.755965, 0.145823, 0.924502, -1.828325]
[-0.060186, 0.978215, -1.907574, -0.086925, 0.887641, -1.730712, -0.045025, 0.915134, -1.754199, 0.144441, 0.925855, -1.843601]
[-0.060019, 0.979004, -1.92168, -0.08683, 0.889477, -1.729996, -0.044917, 0.916339, -1.752275, 0.142647, 0.926815, -1.858052]
[-0.059735, 0.979316, -1.934672, -0.086828, 0.891288, -1.729245, -0.044899, 0.917442, -1.750176, 0.140424, 0.927338, -1.871457]
[-0.059293, 0.979106, -1.946312, -0.08691, 0.893069, -1.728452, -0.044962, 0.918434, -1.747888, 0.137747, 0.927382, -1.883587]
[-0.058659, 0.978333, -1.956357, -0.087073, 0.894816, -1.727606, -0.045103, 0.919305, -1.745396, 0.134586, 0.926904, -1.894202]
[-0.0578, 0.976953, -1.964559, -0.087311, 0.896535, -1.72672, -0.045318, 0.920046, -1.742685, 0.130911, 0.925862, -1.903055]
[-0.056687, 0.974934, -1.97072, -0.087621, 0.898204, -1.725756, -0.045605, 0.920647, -1.739743, 0.126699, 0.924221, -1.909943]
[-0.055292, 0.972255, -1.974728, -0.087998, 0.899825, -1.724715, -0.045958, 0.921103, -1.736561, 0.121939, 0.92196, -1.91475]
[-0.053595, 0.968907, -1.976543, -0.088433, 0.901395, -1.723595, -0.046372, 0.921409, -1.733133, 0.116636, 0.91907, -1.917421]
[-0.051581, 0.964889, -1.976177, -0.08892, 0.902916, -1.722395, -0.046841, 0.921562, -1.729457, 0.110805, 0.915548, -1.917956]
[-0.048479, 0.960124, -1.973643, -0.088762, 0.9045, -1.721448, -0.046632, 0.921399, -1.72535, 0.105314, 0.911383, -1.916503]
[-0.044672, 0.954641, -1.969098, -0.088197, 0.906113, -1.720697, -0.045995, 0.920987, -1.720953, 0.099814, 0.906568, -1.913046]
[-0.040382, 0.948473, -1.962677, -0.087365, 0.907736, -1.720105, -0.045073, 0.920303, -1.716221, 0.094127, 0.901115, -1.907639]
[-0.035748, 0.941655, -1.95451, -0.086351, 0.909382, -1.719686, -0.043955, 0.919375, -1.711201, 0.088176, 0.895046, -1.90038]
[-0.030856, 0.934229, -1.944736, -0.085203, 0.911028, -1.719384, -0.042692, 0.918228, -1.705923, 0.081946, 0.888389, -1.891393]
[-0.025763, 0.926238, -1.933503, -0.083951, 0.912682, -1.719196, -0.041317, 0.916884, -1.700414, 0.075464, 0.88118, -1.880824]
[-0.02051, 0.917733, -1.92097, -0.082613, 0.914354, -1.71912, -0.039852, 0.915378, -1.694695, 0.06878, 0.873462, -1.868831]
[-0.015131, 0.908768, -1.907307, -0.081202, 0.916053, -1.719156, -0.038323, 0.913764, -1.688778, 0.061955, 0.865281, -1.855584]
[-0.009652, 0.899405, -1.892694, -0.079722, 0.917789, -1.719303, -0.036749, 0.912093, -1.682674, 0.055061, 0.85669, -1.841263]
[-0.004099, 0.889708, -1.87732, -0.078179, 0.919573, -1.719562, -0.035144, 0.910409, -1.676394, 0.048174, 0.847748, -1.826056]
[0.000756, 0.879912, -1.861596, -0.077166, 0.921418, -1.719813, -0.034364, 0.909017, -1.670356, 0.040834, 0.838637, -1.810264]
[0.005253, 0.87007, -1.845626, -0.076441, 0.923366, -1.720124, -0.033999, 0.907909, -1.664599, 0.033444, 0.829439, -1.794142]
[0.009556, 0.860249, -1.82958, -0.075877, 0.925445, -1.720538, -0.03384, 0.907074, -1.659149, 0.026231, 0.820236, -1.777918]
[0.013732, 0.850528, -1.813657, -0.075408, 0.927674, -1.721081, -0.033781, 0.906503, -1.654029, 0.019325, 0.811117, -1.761813]
[0.017805, 0.840996, -1.798073, -0.075, 0.930065, -1.72177, -0.033765, 0.906192, -1.64926, 0.012809, 0.802173, -1.746047]
[0.021769, 0.83175, -1.78305, -0.074635, 0.93263, -1.722615, -0.033766, 0.906141, -1.644861, 0.006736, 0.793507, -1.730843]
[0.025612, 0.822892, -1.768819, -0.074305, 0.93538, -1.723626, -0.033768, 0.906356, -1.640854, 0.001147, 0.785224, -1.716432]
[0.029312, 0.814533, -1.755613, -0.074005, 0.938324, -1.72481, -0.033759, 0.906845, -1.637262, -0.003928, 0.777437, -1.703049]
[0.032845, 0.806787, -1.743668, -0.073733, 0.941473, -1.726172, -0.033733, 0.907622, -1.634106, -0.008463, 0.770263, -1.690933]
[0.03619, 0.799771, -1.733225, -0.07349, 0.944836, -1.727717, -0.033668, 0.908725, -1.631481, -0.012437, 0.763823, -1.680326]
[0.038, 0.799418, -1.73348, -0.073166, 0.948377, -1.729221, -0.033502, 0.910117, -1.629199, -0.015136, 0.757211, -1.660424]
[0.039866, 0.802092, -1.734961, -0.072072, 0.952281, -1.730802, -0.032629, 0.912047, -1.627702, -0.013741, 0.756974, -1.654384]
[0.040841, 0.80595, -1.736238, -0.071405, 0.956059, -1.732622, -0.032111, 0.914163, -1.627362, -0.012571, 0.760294, -1.655181]
[0.041722, 0.809864, -1.73754, -0.07101, 0.959769, -1.735293, -0.03178, 0.916438, -1.628445, -0.011514, 0.763676, -1.655999]
[0.042577, 0.813824, -1.738877, -0.070766, 0.963467, -1.739221, -0.031551, 0.918888, -1.631163, -0.010504, 0.767109, -1.656839]
[0.043441, 0.817826, -1.740252, -0.070597, 0.967191, -1.744646, -0.031385, 0.92152, -1.635633, -0.009503, 0.770589, -1.657712]
[0.044335, 0.821865, -1.741671, -0.070451, 0.970958, -1.751686, -0.031272, 0.924331, -1.641893, -0.008495, 0.774114, -1.658621]
[0.045268, 0.825942, -1.743134, -0.070297, 0.97477, -1.760375, -0.031212, 0.927308, -1.649922, -0.00747, 0.777681, -1.659568]
[0.046244, 0.830053, -1.744642, -0.07011, 0.978617, -1.770677, -0.031209, 0.930425, -1.659651, -0.006423, 0.781289, -1.660549]
[0.047265, 0.834198, -1.746195, -0.069871, 0.982476, -1.782514, -0.03127, 0.933649, -1.670974, -0.005353, 0.784935, -1.661561]
[0.048, 0.838442, -1.747708, -0.070038, 0.98631, -1.795551, -0.031783, 0.937083, -1.683829, -0.00459, 0.788681, -1.662522]
[0.048579, 0.842755, -1.749153, -0.070394, 0.990082, -1.809741, -0.032548, 0.94063, -1.698004, -0.003997, 0.79252, -1.663446]
[0.049076, 0.84712, -1.750515, -0.070816, 0.993744, -1.824968, -0.033452, 0.944208, -1.7133, -0.003504, 0.796442, -1.664334]
[0.049529, 0.851546, -1.751827, -0.071235, 0.99724, -1.841081, -0.034435, 0.947731, -1.729517, -0.003071, 0.800435, -1.66518]
[0.049961, 0.855998, -1.753039, -0.071612, 1.000511, -1.857898, -0.035458, 0.951122, -1.746456, -0.002675, 0.804488, -1.665974]
[0.050384, 0.860471, -1.754151, -0.071925, 1.003494, -1.875222, -0.036494, 0.9543, -1.763907, -0.002305, 0.808589, -1.666703]
[0.050804, 0.864957, -1.755157, -0.072163, 1.006124, -1.892842, -0.037523, 0.957188, -1.781658, -0.001952, 0.812724, -1.667353]
[0.051227, 0.869449, -1.756055, -0.072322, 1.008335, -1.910537, -0.038526, 0.959707, -1.799488, -0.001613, 0.81688, -1.667908]
[0.051654, 0.873938, -1.756838, -0.072399, 1.010061, -1.928078, -0.039484, 0.961781, -1.817171, -0.001283, 0.821043, -1.668353]
[0.052086, 0.878427, -1.757519, -0.0724, 1.01124, -1.94523, -0.040375, 0.963337, -1.834475, -0.000962, 0.825197, -1.668669]
[0.052776, 0.882911, -1.75798, -0.072026, 1.011909, -1.961826, -0.040975, 0.964408, -1.851241, -0.000384, 0.829543, -1.669132]
[0.053638, 0.887395, -1.75824, -0.071414, 1.011997, -1.977589, -0.041382, 0.964923, -1.867239, 0.000367, 0.834091, -1.669767]
[0.054619, 0.891877, -1.758308, -0.070648, 1.01144, -1.992254, -0.041641, 0.964814, -1.88222, 0.001239, 0.838777, -1.670467]
[0.055691, 0.89635, -1.75819, -0.069778, 1.010178, -2.005558, -0.041756, 0.964013, -1.895925, 0.002204, 0.84357, -1.67119]
[0.056835, 0.900806, -1.757886, -0.068838, 1.008161, -2.017239, -0.041714, 0.962458, -1.908089, 0.003245, 0.848457, -1.671924]
[0.05804, 0.905238, -1.757392, -0.067852, 1.00534, -2.02703, -0.041487, 0.960093, -1.918446, 0.004352, 0.853417, -1.672645]
[0.059296, 0.909635, -1.756708, -0.066842, 1.001683, -2.034715, -0.041044, 0.956877, -1.926778, 0.00552, 0.858432, -1.67333]
[0.060596, 0.913992, -1.755834, -0.065828, 0.997177, -2.040168, -0.040359, 0.952792, -1.932957, 0.006739, 0.863485, -1.673964]
[0.061932, 0.918305, -1.754774, -0.064834, 0.991827, -2.043332, -0.039409, 0.94784, -1.936926, 0.008005, 0.868564, -1.674533]
[0.063293, 0.92257, -1.753531, -0.063881, 0.985647, -2.044207, -0.038177, 0.942036, -1.93868, 0.009309, 0.87366, -1.675029]
[0.063972, 0.92674, -1.752704, -0.063558, 0.978429, -2.042907, -0.037235, 0.935104, -1.938187, 0.009989, 0.878195, -1.674904]
[0.06429, 0.930914, -1.752162, -0.063587, 0.970252, -2.039517, -0.036272, 0.927115, -1.93547, 0.010262, 0.882219, -1.674232]
[0.064341, 0.935097, -1.751874, -0.063833, 0.96119, -2.034134, -0.03514, 0.918147, -1.930619, 0.01024, 0.885767, -1.67306]
[0.064164, 0.93923, -1.751809, -0.064222, 0.951322, -2.026869, -0.033769, 0.908283, -1.923756, 0.009992, 0.888872, -1.671431]
[0.063808, 0.943321, -1.751946, -0.064716, 0.940731, -2.017853, -0.032131, 0.897615, -1.915028, 0.009565, 0.891569, -1.669383]
[0.063301, 0.947376, -1.752267, -0.065301, 0.929501, -2.007234, -0.03023, 0.886234, -1.904599, 0.00899, 0.893892, -1.666951]
[0.062663, 0.951406, -1.752759, -0.065977, 0.917721, -1.995175, -0.028092, 0.874238, -1.892642, 0.008288, 0.895876, -1.664169]
[0.061908, 0.955424, -1.753409, -0.066747, 0.90548, -1.981854, -0.025754, 0.861722, -1.879341, 0.007471, 0.897555, -1.66107]
[0.061045, 0.959443, -1.75421, -0.067619, 0.892872, -1.967461, -0.023262, 0.848788, -1.864888, 0.006551, 0.898963, -1.657686]
[0.060083, 0.963474, -1.755151, -0.068598, 0.879991, -1.952196, -0.020663, 0.835538, -1.849483, 0.005534, 0.900133, -1.654048]
[0.059491, 0.967555, -1.756127, -0.069117, 0.867098, -1.93643, -0.017651, 0.822221, -1.833469, 0.00491, 0.90152, -1.650785]
[0.059112, 0.971725, -1.75718, -0.069419, 0.854278, -1.920317, -0.014489, 0.808952, -1.817091, 0.004476, 0.903098, -1.6478]
[0.05886, 0.976008, -1.75833, -0.069637, 0.841623, -1.904056, -0.011329, 0.795845, -1.800581, 0.004166, 0.904871, -1.645089]
[0.058683, 0.980424, -1.759594, -0.069847, 0.829232, -1.887867, -0.008267, 0.783014, -1.784166, 0.003926, 0.906861, -1.642668]
[0.05855, 0.984989, -1.76098, -0.070091, 0.81721, -1.871981, -0.005367, 0.770575, -1.76807, 0.003722, 0.909084, -1.640547]
[0.058444, 0.989718, -1.762495, -0.070386, 0.805665, -1.856638, -0.002667, 0.758646, -1.752524, 0.003537, 0.911559, -1.638739]
[0.058353, 0.994621, -1.764142, -0.070739, 0.794712, -1.842084, -0.000195, 0.747349, -1.737764, 0.003359, 0.914305, -1.63726]
[0.058272, 0.999712, -1.765925, -0.071146, 0.784467, -1.828565, 0.002028, 0.736811, -1.724031, 0.003182, 0.917341, -1.636124]
[0.058199, 1.005, -1.767844, -0.0716, 0.775053, -1.816332, 0.003989, 0.727161, -1.711571, 0.003003, 0.920689, -1.635347]
[0.058134, 1.010498, -1.7699, -0.07209, 0.766595, -1.805638, 0.005675, 0.71853, -1.700635, 0.002821, 0.924369, -1.634946]
[0.057675, 1.016175, -1.771329, -0.072942, 0.767861, -1.80339, 0.005769, 0.710124, -1.672634, 0.002342, 0.928713, -1.634859]
[0.056774, 1.022006, -1.772482, -0.074229, 0.774172, -1.805498, 0.004298, 0.702058, -1.633023, 0.001439, 0.933411, -1.63505]
[0.055509, 1.027832, -1.774005, -0.076148, 0.780537, -1.806837, 0.002447, 0.710267, -1.638995, -5.1e-05, 0.938448, -1.636201]
[0.05515, 1.033451, -1.776212, -0.077668, 0.786966, -1.807846, 0.000997, 0.718554, -1.644636, -0.000921, 0.943589, -1.638618]
[0.055347, 1.03892, -1.779593, -0.078981, 0.793418, -1.808512, -0.000247, 0.726911, -1.649992, -0.001459, 0.948815, -1.642513]
[0.055884, 1.044272, -1.784432, -0.080197, 0.79987, -1.808836, -0.001392, 0.735327, -1.655089, -0.001816, 0.954109, -1.648017]
[0.056628, 1.049521, -1.790871, -0.081372, 0.806306, -1.808822, -0.002497, 0.743796, -1.659944, -0.002067, 0.959452, -1.655188]
[0.057494, 1.054664, -1.798952, -0.082539, 0.812712, -1.808476, -0.003591, 0.752309, -1.664563, -0.002245, 0.964817, -1.664021]
[0.058424, 1.059682, -1.808648, -0.083711, 0.819123, -1.807896, -0.004686, 0.760854, -1.668948, -0.002357, 0.970165, -1.674461]
[0.059379, 1.064547, -1.819879, -0.084895, 0.825478, -1.806985, -0.005789, 0.769422, -1.673097, -0.002407, 0.975453, -1.686415]
[0.060789, 1.069117, -1.83281, -0.085476, 0.831855, -1.806425, -0.006274, 0.777664, -1.676841, -0.001671, 0.980477, -1.69992]
[0.062331, 1.073377, -1.847278, -0.085666, 0.838238, -1.806172, -0.006358, 0.785611, -1.680244, -0.00047, 0.985192, -1.714756]
[0.063824, 1.077299, -1.863085, -0.085591, 0.844615, -1.806183, -0.006167, 0.793286, -1.683348, 0.001011, 0.989561, -1.730726]
[0.065174, 1.080845, -1.880012, -0.085323, 0.85098, -1.806427, -0.005775, 0.800707, -1.686181, 0.002666, 0.993545, -1.747639]
[0.066332, 1.083968, -1.897833, -0.084906, 0.857332, -1.806881, -0.005229, 0.807888, -1.68876, 0.004429, 0.997102, -1.765305]
[0.067277, 1.086615, -1.916316, -0.084369, 0.863668, -1.807527, -0.004558, 0.814839, -1.691097, 0.006258, 1.000183, -1.783524]
[0.068004, 1.08873, -1.935227, -0.08373, 0.869988, -1.808345, -0.00378, 0.821567, -1.693199, 0.008123, 1.002736, -1.80209]
[0.068518, 1.090253, -1.954326, -0.083004, 0.87629, -1.809321, -0.002912, 0.828076, -1.695068, 0.009998, 1.004705, -1.82079]
[0.06883, 1.091125, -1.973372, -0.0822, 0.882571, -1.810439, -0.001964, 0.834369, -1.696706, 0.011863, 1.006034, -1.839399]
[0.068954, 1.091285, -1.992119, -0.081328, 0.88883, -1.811684, -0.000947, 0.840448, -1.698111, 0.013694, 1.006663, -1.857688]
[0.068364, 1.090858, -2.010156, -0.081059, 0.894991, -1.812402, -0.000547, 0.846786, -1.699666, 0.014772, 1.006771, -1.875379]
[0.067394, 1.089751, -2.027228, -0.081183, 0.901069, -1.812643, -0.000551, 0.85334, -1.701295, 0.015398, 1.006278, -1.892281]
[0.066247, 1.087883, -2.043094, -0.081576, 0.907067, -1.812443, -0.000832, 0.860069, -1.702939, 0.015737, 1.005099, -1.908159]
[0.065044, 1.085181, -2.057512, -0.082161, 0.912982, -1.81182, -0.001313, 0.866937, -1.704553, 0.015871, 1.00315, -1.922749]
[0.06386, 1.08158, -2.070233, -0.082888, 0.918804, -1.81079, -0.001946, 0.873912, -1.706098, 0.015837, 1.000356, -1.935776]
[0.062743, 1.077024, -2.080999, -0.083728, 0.924523, -1.809359, -0.002704, 0.880997, -1.707602, 0.015638, 0.996649, -1.946956]
[0.061727, 1.071473, -2.089593, -0.084657, 0.930187, -1.807643, -0.003559, 0.888129, -1.708976, 0.01527, 0.991976, -1.956053]
[0.060835, 1.064911, -2.095878, -0.085659, 0.935718, -1.805528, -0.004501, 0.895288, -1.710201, 0.014712, 0.986316, -1.962916]
[0.060087, 1.057342, -2.099787, -0.08672, 0.941112, -1.803026, -0.005517, 0.902454, -1.711261, 0.013946, 0.979671, -1.967469]
[0.059497, 1.048788, -2.101301, -0.08783, 0.94637, -1.800158, -0.006596, 0.909612, -1.712144, 0.012957, 0.972061, -1.969688]
[0.059669, 1.03903, -2.100667, -0.087948, 0.951216, -1.797705, -0.006911, 0.916104, -1.712357, 0.012559, 0.963167, -1.969618]
[0.06024, 1.028171, -2.097934, -0.087565, 0.955833, -1.795653, -0.006743, 0.922003, -1.711999, 0.01234, 0.953096, -1.967256]
[0.061032, 1.016315, -2.093163, -0.086924, 0.960368, -1.793967, -0.006246, 0.927364, -1.711141, 0.012087, 0.94196, -1.962677]
[0.061958, 1.003566, -2.086439, -0.086129, 0.964933, -1.792601, -0.005506, 0.932232, -1.709836, 0.011694, 0.929877, -1.955998]
[0.06298, 0.99003, -2.077871, -0.085207, 0.969603, -1.791512, -0.004573, 0.936645, -1.708127, 0.011119, 0.916963, -1.947365]
[0.064081, 0.975815, -2.067596, -0.084153, 0.974439, -1.790698, -0.00348, 0.940639, -1.706052, 0.010349, 0.903334, -1.936941]
[0.065255, 0.961031, -2.05577, -0.082955, 0.979324, -1.790091, -0.002252, 0.944248, -1.703649, 0.00939, 0.889106, -1.924904]
[0.0665, 0.945792, -2.042569, -0.081634, 0.984181, -1.789702, -0.000911, 0.94751, -1.700955, 0.008259, 0.874401, -1.911446]
[0.06782, 0.930216, -2.02818, -0.080208, 0.989025, -1.78952, 0.000525, 0.950502, -1.698067, 0.006984, 0.859342, -1.896769]
[0.069222, 0.91442, -2.012805, -0.078686, 0.99387, -1.789533, 0.002045, 0.953227, -1.694962, 0.005599, 0.844054, -1.881086]
[0.070155, 0.898688, -1.996762, -0.077548, 0.998753, -1.789583, 0.00303, 0.955985, -1.692079, 0.003758, 0.828818, -1.864724]
[0.070877, 0.883118, -1.980222, -0.076632, 1.00371, -1.789709, 0.003749, 0.958843, -1.689443, 0.001728, 0.813756, -1.847943]
[0.071524, 0.867815, -1.963399, -0.07585, 1.008767, -1.789933, 0.00434, 0.961855, -1.68707, -0.000339, 0.798986, -1.830987]
[0.072167, 0.85289, -1.94653, -0.075153, 1.013943, -1.790267, 0.004869, 0.965065, -1.68497, -0.002354, 0.784626, -1.814091]
[0.072839, 0.838459, -1.929865, -0.074518, 1.019253, -1.790718, 0.005367, 0.968505, -1.683154, -0.004263, 0.770799, -1.797497]
[0.073554, 0.824641, -1.913659, -0.073931, 1.024712, -1.79129, 0.005846, 0.972204, -1.681636, -0.006029, 0.757628, -1.781446]
[0.074312, 0.81156, -1.898171, -0.073383, 1.030333, -1.791986, 0.006312, 0.976184, -1.680427, -0.007628, 0.74524, -1.766189]
[0.075108, 0.799343, -1.883664, -0.072871, 1.036129, -1.792807, 0.006766, 0.980465, -1.679544, -0.009041, 0.733764, -1.751977]
[0.075933, 0.788119, -1.870402, -0.072395, 1.042112, -1.793754, 0.007209, 0.985069, -1.679002, -0.010254, 0.723333, -1.739069]
[0.076775, 0.778023, -1.858653, -0.071952, 1.048293, -1.794827, 0.007645, 0.990057, -1.678879, -0.011252, 0.714082, -1.727726]
[0.078107, 0.768653, -1.834058, -0.071551, 1.054448, -1.795264, 0.008114, 0.995525, -1.678812, -0.011234, 0.70378, -1.69667]
[0.079846, 0.759896, -1.800812, -0.071426, 1.060414, -1.795654, 0.008568, 1.00108, -1.679014, -0.010713, 0.7117, -1.701334]
[0.079231, 0.767399, -1.80455, -0.072689, 1.065791, -1.79662, 0.007619, 1.006066, -1.679985, -0.011498, 0.718969, -1.705115]
[0.078867, 0.774713, -1.807817, -0.073742, 1.070907, -1.798591, 0.00724, 1.010824, -1.681868, -0.012009, 0.726087, -1.708523]
[0.078655, 0.781855, -1.810662, -0.074713, 1.07581, -1.801878, 0.007226, 1.015416, -1.685048, -0.01235, 0.733047, -1.711553]
[0.078535, 0.788832, -1.813122, -0.075665, 1.080532, -1.806676, 0.007443, 1.019881, -1.68975, -0.012587, 0.739846, -1.714202]
[0.078475, 0.79565, -1.81522, -0.076622, 1.085088, -1.813084, 0.007796, 1.024232, -1.696085, -0.012757, 0.746479, -1.716472]
[0.078456, 0.802312, -1.816977, -0.077586, 1.08948, -1.821128, 0.008221, 1.028468, -1.704078, -0.012881, 0.752943, -1.718366]
[0.078466, 0.808818, -1.818405, -0.078551, 1.093696, -1.830773, 0.008672, 1.032568, -1.71369, -0.012974, 0.759233, -1.719884]
[0.0785, 0.815167, -1.819515, -0.079505, 1.097711, -1.841942, 0.009115, 1.036503, -1.724835, -0.013042, 0.765347, -1.721027]
[0.078608, 0.82156, -1.820645, -0.080219, 1.101677, -1.854761, 0.009353, 1.040435, -1.73768, -0.013056, 0.771545, -1.722256]
[0.078773, 0.82797, -1.821747, -0.080721, 1.105537, -1.86907, 0.00937, 1.044302, -1.75205, -0.013031, 0.777822, -1.72356]
[0.078985, 0.834397, -1.822826, -0.081028, 1.109229, -1.884689, 0.009161, 1.048036, -1.767753, -0.012977, 0.784167, -1.724926]
[0.079235, 0.840838, -1.823883, -0.081154, 1.112688, -1.901427, 0.008731, 1.05156, -1.784584, -0.012899, 0.79057, -1.726343]
[0.07952, 0.84729, -1.82492, -0.081108, 1.115839, -1.919082, 0.008094, 1.054797, -1.802329, -0.0128, 0.797022, -1.727797]
[0.079838, 0.85375, -1.825936, -0.0809, 1.118608, -1.937437, 0.007263, 1.057665, -1.820767, -0.012681, 0.803511, -1.729275]
[0.080186, 0.860212, -1.826929, -0.080538, 1.120919, -1.956272, 0.006262, 1.060083, -1.839669, -0.01254, 0.810053, -1.730812]
[0.080562, 0.866673, -1.827896, -0.080034, 1.122693, -1.975354, 0.005109, 1.061966, -1.858799, -0.012378, 0.816609, -1.732345]
[0.080965, 0.873127, -1.828836, -0.079397, 1.123853, -1.994443, 0.003832, 1.063234, -1.877916, -0.012195, 0.823168, -1.733857]
[0.081394, 0.879569, -1.829744, -0.07864, 1.124326, -2.013294, 0.002457, 1.063806, -1.896774, -0.011988, 0.829716, -1.735334]
[0.081691, 0.886017, -1.830351, -0.078138, 1.12406, -2.031424, 0.000835, 1.063778, -1.915142, -0.011903, 0.83639, -1.736744]
[0.081915, 0.892446, -1.83065, -0.077791, 1.12298, -2.048652, -0.0009, 1.063034, -1.932733, -0.011876, 0.843162, -1.73807]
[0.082101, 0.898837, -1.830634, -0.077541, 1.121015, -2.064759, -0.002657, 1.061477, -1.949271, -0.011869, 0.850008, -1.739294]
[0.08227, 0.905172, -1.830301, -0.077357, 1.118098, -2.0795, -0.004369, 1.05902, -1.964478, -0.011862, 0.856902, -1.740395]
[0.082433, 0.911437, -1.829649, -0.077224, 1.114172, -2.092613, -0.005978, 1.055591, -1.978079, -0.011841, 0.863822, -1.74135]
[0.082595, 0.917617, -1.828673, -0.077135, 1.109187, -2.103822, -0.007438, 1.051126, -1.989794, -0.011798, 0.870745, -1.742141]
[0.082759, 0.92375, -1.827462, -0.077093, 1.103109, -2.112894, -0.008707, 1.045581, -1.999392, -0.011733, 0.877649, -1.742745]
[0.082926, 0.929777, -1.825929, -0.077107, 1.095931, -2.119677, -0.009749, 1.038942, -2.006727, -0.011641, 0.884519, -1.743151]
[0.083092, 0.935691, -1.824078, -0.077188, 1.087664, -2.124088, -0.010538, 1.031219, -2.011724, -0.011524, 0.891341, -1.743349]
[0.083256, 0.941486, -1.821912, -0.077353, 1.078337, -2.126099, -0.011052, 1.022439, -2.014361, -0.011385, 0.898107, -1.743333]
[0.083365, 0.946957, -1.819979, -0.0773, 1.067883, -2.12605, -0.011274, 1.012344, -2.014638, -0.011257, 0.904462, -1.742998]
[0.083431, 0.952214, -1.818271, -0.077108, 1.056387, -2.123903, -0.011226, 1.001056, -2.012631, -0.011153, 0.910439, -1.742371]
[0.083461, 0.957346, -1.816775, -0.076837, 1.043944, -2.119682, -0.010926, 0.988698, -2.008441, -0.011076, 0.916117, -1.741556]
[0.08346, 0.962423, -1.815479, -0.076542, 1.030649, -2.113461, -0.010395, 0.975394, -2.002187, -0.011032, 0.92148, -1.740503]
[0.083428, 0.967503, -1.814371, -0.076264, 1.016606, -2.105349, -0.009652, 0.961265, -1.994007, -0.011022, 0.926561, -1.739238]
[0.083367, 0.972632, -1.813438, -0.076039, 1.001918, -2.095484, -0.008719, 0.946435, -1.984054, -0.011046, 0.931387, -1.737789]
[0.083275, 0.977847, -1.812667, -0.075892, 0.986695, -2.084029, -0.007622, 0.93103, -1.972497, -0.011105, 0.935988, -1.736183]
[0.083146, 0.983164, -1.812047, -0.075845, 0.971046, -2.071162, -0.006385, 0.915174, -1.959518, -0.011195, 0.940394, -1.734448]
[0.082976, 0.988485, -1.811588, -0.075913, 0.955084, -2.05708, -0.005038, 0.898994, -1.945311, -0.011319, 0.944633, -1.732611]
[0.082765, 0.993827, -1.811285, -0.076103, 0.938926, -2.041987, -0.003609, 0.88262, -1.930083, -0.011471, 0.948738, -1.730701]
[0.082612, 0.999225, -1.811116, -0.076299, 0.922747, -2.026141, -0.002097, 0.866247, -1.914117, -0.011564, 0.952881, -1.728923]
[0.082495, 1.004736, -1.811151, -0.07654, 0.906666, -2.009757, -0.00056, 0.850006, -1.89764, -0.011622, 0.957089, -1.727297]
[0.0824, 1.01034, -1.811327, -0.076847, 0.890802, -1.993067, 0.000963, 0.83403, -1.880884, -0.011658, 0.961392, -1.725845]
[0.082319, 1.016052, -1.811644, -0.077231, 0.875281, -1.97631, 0.00244, 0.818454, -1.864092, -0.011681, 0.965815, -1.72459]
[0.082248, 1.021875, -1.812085, -0.077692, 0.860229, -1.959734, 0.003845, 0.803413, -1.847511, -0.011695, 0.97039, -1.723552]
[0.082183, 1.027833, -1.81266, -0.078229, 0.845777, -1.943591, 0.005155, 0.789045, -1.831397, -0.011705, 0.975136, -1.722744]
[0.082126, 1.033944, -1.813378, -0.078833, 0.832057, -1.92814, 0.006351, 0.77549, -1.816009, -0.011711, 0.980081, -1.722184]
[0.082077, 1.040223, -1.814237, -0.079494, 0.819204, -1.913643, 0.007415, 0.762886, -1.801612, -0.011714, 0.985299, -1.721969]
[0.082036, 1.046683, -1.815235, -0.080203, 0.807357, -1.900366, 0.008331, 0.751377, -1.788475, -0.011715, 0.990778, -1.722053]
[0.082003, 1.053337, -1.816369, -0.080948, 0.796655, -1.888579, 0.009083, 0.741106, -1.77687, -0.011713, 0.996548, -1.72246]
[0.081676, 1.059971, -1.816845, -0.082962, 0.786812, -1.86191, 0.00791, 0.729593, -1.741601, -0.012075, 1.002731, -1.722791]
[0.081538, 1.066288, -1.817136, -0.085811, 0.777627, -1.825273, 0.007321, 0.734843, -1.739543, -0.012635, 1.008877, -1.723247]
[0.082542, 1.071979, -1.818074, -0.085586, 0.785259, -1.82878, 0.008056, 0.742262, -1.742634, -0.011774, 1.014154, -1.724331]
[0.083185, 1.077372, -1.820023, -0.085794, 0.792662, -1.831734, 0.008328, 0.749528, -1.745358, -0.011741, 1.019124, -1.726223]
[0.083685, 1.082509, -1.823264, -0.086274, 0.799853, -1.834185, 0.008302, 0.756638, -1.747715, -0.012235, 1.023859, -1.729335]
[0.084152, 1.087416, -1.827976, -0.086933, 0.806842, -1.836177, 0.008085, 0.763581, -1.749688, -0.013054, 1.028396, -1.733903]
[0.08464, 1.092104, -1.834251, -0.087711, 0.813636, -1.837741, 0.007736, 0.770347, -1.751264, -0.014069, 1.032753, -1.740043]
[0.085167, 1.096574, -1.842109, -0.088578, 0.820235, -1.838903, 0.007301, 0.776928, -1.752436, -0.015182, 1.036921, -1.747778]
[0.085737, 1.10081, -1.851518, -0.089504, 0.826642, -1.839671, 0.006794, 0.783311, -1.753194, -0.016341, 1.040892, -1.757071]
[0.086343, 1.104788, -1.862398, -0.09048, 0.832855, -1.840061, 0.006237, 0.789486, -1.753529, -0.017497, 1.044633, -1.767832]
[0.087166, 1.108654, -1.874903, -0.091139, 0.83914, -1.840584, 0.006019, 0.795697, -1.753905, -0.017903, 1.048383, -1.780384]
[0.088013, 1.112365, -1.888913, -0.091605, 0.845478, -1.84121, 0.006012, 0.80194, -1.754335, -0.017772, 1.05206, -1.794487]
[0.088777, 1.115866, -1.904262, -0.091946, 0.851856, -1.841922, 0.00614, 0.808212, -1.754824, -0.017231, 1.055588, -1.809918]
[0.089398, 1.119097, -1.920759, -0.092204, 0.858267, -1.842709, 0.00636, 0.814507, -1.75537, -0.016362, 1.058893, -1.826455]
[0.089848, 1.121992, -1.938194, -0.092403, 0.864705, -1.84356, 0.006644, 0.820819, -1.755965, -0.015221, 1.061899, -1.843879]
[0.090114, 1.124479, -1.956348, -0.092558, 0.871195, -1.844525, 0.006976, 0.827139, -1.7566, -0.013849, 1.06453, -1.861965]
[0.090194, 1.126488, -1.97499, -0.092677, 0.877702, -1.84554, 0.007344, 0.83346, -1.757262, -0.012282, 1.066708, -1.880483]
[0.090095, 1.127944, -1.993885, -0.092761, 0.884226, -1.846594, 0.007733, 0.839768, -1.757939, -0.010557, 1.068364, -1.899203]
[0.089823, 1.128775, -2.012789, -0.092814, 0.890761, -1.847681, 0.008139, 0.846056, -1.758617, -0.008703, 1.06942, -1.917885]
[0.089391, 1.128911, -2.031449, -0.092839, 0.897303, -1.848794, 0.008556, 0.852314, -1.759282, -0.006749, 1.069805, -1.936284]
[0.088801, 1.128372, -2.049374, -0.093044, 0.903832, -1.849466, 0.008759, 0.858859, -1.760114, -0.00496, 1.069648, -1.954118]
[0.08814, 1.127074, -2.066355, -0.093373, 0.91034, -1.849718, 0.008805, 0.865596, -1.760957, -0.003278, 1.068848, -1.971145]
[0.08746, 1.124938, -2.082168, -0.093792, 0.916814, -1.849563, 0.008728, 0.872501, -1.76179, -0.001684, 1.067309, -1.987105]
[0.086795, 1.121896, -2.096574, -0.094276, 0.923243, -1.849009, 0.008551, 0.879544, -1.762585, -0.000179, 1.064945, -2.001732]
[0.086166, 1.117887, -2.109314, -0.094812, 0.929612, -1.848062, 0.008286, 0.886696, -1.76331, 0.00122, 1.061682, -2.014751]
[0.085591, 1.112856, -2.120122, -0.095388, 0.935908, -1.846724, 0.007945, 0.893928, -1.763935, 0.002487, 1.057454, -2.025882]
[0.085082, 1.106769, -2.128767, -0.095995, 0.942116, -1.845, 0.007534, 0.901214, -1.764434, 0.003593, 1.052216, -2.034892]
[0.084654, 1.099614, -2.135106, -0.096626, 0.948227, -1.842892, 0.00706, 0.908533, -1.764787, 0.004509, 1.045949, -2.041638]
[0.084323, 1.091399, -2.139063, -0.097273, 0.95423, -1.840407, 0.006529, 0.915866, -1.764979, 0.005207, 1.038659, -2.046048]
[0.084101, 1.082149, -2.140612, -0.097931, 0.960119, -1.837552, 0.005947, 0.923198, -1.764998, 0.005667, 1.030367, -2.048101]
[0.083908, 1.071731, -2.140095, -0.098249, 0.965574, -1.83499, 0.005584, 0.930041, -1.764612, 0.006099, 1.020741, -2.0478]
[0.083702, 1.06024, -2.137488, -0.098384, 0.970782, -1.832796, 0.005372, 0.936439, -1.763866, 0.006401, 1.009906, -2.045208]
[0.083481, 1.047775, -2.132821, -0.098405, 0.975814, -1.830862, 0.00527, 0.942434, -1.762799, 0.00652, 0.997986, -2.040423]
[0.083257, 1.034441, -2.126165, -0.098355, 0.980762, -1.82917, 0.005255, 0.948059, -1.761445, 0.006432, 0.985107, -2.033569]
[0.083055, 1.020344, -2.117629, -0.098257, 0.985695, -1.827703, 0.005312, 0.953416, -1.759951, 0.006135, 0.971393, -2.024792]
[0.082898, 1.005592, -2.10735, -0.098118, 0.990671, -1.826443, 0.005435, 0.958451, -1.758201, 0.005639, 0.956968, -2.014253]
[0.082808, 0.990296, -2.095487, -0.097939, 0.995732, -1.825374, 0.005616, 0.963213, -1.756254, 0.004961, 0.941956, -2.002126]
[0.082802, 0.974571, -2.08222, -0.097718, 1.000911, -1.824479, 0.005848, 0.967734, -1.754142, 0.004121, 0.926483, -1.988598]
[0.082891, 0.958532, -2.067743, -0.097452, 1.006233, -1.823742, 0.006128, 0.972046, -1.751894, 0.003145, 0.910672, -1.973867]
[0.083087, 0.942295, -2.052264, -0.097135, 1.011651, -1.823144, 0.006451, 0.97618, -1.74954, 0.002061, 0.894651, -1.95814]
[0.0832, 0.926057, -2.036048, -0.096926, 1.017105, -1.82266, 0.006661, 0.980339, -1.747323, 0.000811, 0.878626, -1.941707]
[0.083304, 0.909933, -2.019307, -0.096785, 1.022626, -1.822312, 0.006805, 0.984566, -1.745262, -0.000519, 0.862727, -1.9248]
[0.083442, 0.894042, -2.00227, -0.096688, 1.028233, -1.822105, 0.006905, 0.988881, -1.743375, -0.001869, 0.847083, -1.907654]
[0.083635, 0.878508, -1.985177, -0.09662, 1.033943, -1.822041, 0.006979, 0.993309, -1.74168, -0.003197, 0.831825, -1.890511]
[0.083896, 0.863455, -1.968277, -0.096573, 1.039772, -1.82212, 0.007033, 0.997887, -1.74021, -0.00447, 0.817085, -1.873616]
[0.084225, 0.84901, -1.951823, -0.096544, 1.045769, -1.822405, 0.007075, 1.002679, -1.739048, -0.005662, 0.802996, -1.85722]
[0.084619, 0.835306, -1.936075, -0.096528, 1.051896, -1.822803, 0.007107, 1.007653, -1.738115, -0.006752, 0.789693, -1.841579]
[0.085072, 0.822476, -1.921297, -0.096525, 1.058184, -1.823342, 0.007131, 1.012848, -1.737448, -0.007719, 0.777314, -1.826956]
[0.085575, 0.810656, -1.907756, -0.096537, 1.064647, -1.82402, 0.007146, 1.018296, -1.737075, -0.008549, 0.765997, -1.813616]
[0.086116, 0.799983, -1.895721, -0.096564, 1.071299, -1.824835, 0.007155, 1.024024, -1.737014, -0.009224, 0.755884, -1.801828]
[0.088189, 0.790582, -1.870585, -0.096216, 1.077946, -1.825038, 0.007593, 1.030139, -1.736863, -0.007726, 0.744682, -1.766189]
[0.091283, 0.782212, -1.836757, -0.096009, 1.08429, -1.825078, 0.008228, 1.036181, -1.73685, -0.007021, 0.747858, -1.759216]
[0.09124, 0.789386, -1.839463, -0.096848, 1.09004, -1.825874, 0.007753, 1.041552, -1.737603, -0.007405, 0.755364, -1.762123]
[0.091409, 0.79679, -1.841726, -0.097401, 1.095483, -1.827703, 0.007978, 1.04658, -1.739229, -0.0074, 0.762703, -1.764672]
[0.091842, 0.804003, -1.843574, -0.097815, 1.100668, -1.830857, 0.00868, 1.051341, -1.742118, -0.007115, 0.769894, -1.7669]
[0.092451, 0.811039, -1.845054, -0.098192, 1.105624, -1.835518, 0.009677, 1.055879, -1.746501, -0.006643, 0.776898, -1.768734]
[0.093186, 0.817941, -1.84628, -0.09858, 1.110362, -1.841778, 0.010841, 1.06021, -1.75249, -0.006044, 0.783709, -1.77017]
[0.094013, 0.824657, -1.84715, -0.098992, 1.114885, -1.849659, 0.012093, 1.064335, -1.760109, -0.005351, 0.790319, -1.771201]
[0.094914, 0.831202, -1.847708, -0.099429, 1.119178, -1.859127, 0.013372, 1.06824, -1.769321, -0.004587, 0.796719, -1.77182]
[0.095874, 0.837574, -1.847963, -0.099883, 1.123217, -1.870105, 0.014637, 1.071896, -1.780037, -0.003765, 0.8029, -1.772021]
[0.096398, 0.84404, -1.8484, -0.100724, 1.127122, -1.882684, 0.014993, 1.075561, -1.792583, -0.00341, 0.809088, -1.772203]
[0.096656, 0.850573, -1.848981, -0.101679, 1.130851, -1.896763, 0.014731, 1.079142, -1.806702, -0.003344, 0.81528, -1.772391]
[0.096748, 0.857153, -1.849677, -0.102593, 1.134351, -1.912189, 0.014025, 1.082556, -1.822163, -0.003463, 0.821473, -1.772594]
[0.096732, 0.863792, -1.850508, -0.103381, 1.137561, -1.928775, 0.012982, 1.085722, -1.838744, -0.003708, 0.827663, -1.772813]
[0.096644, 0.870471, -1.851456, -0.103997, 1.140414, -1.946316, 0.011671, 1.088561, -1.856224, -0.00404, 0.833843, -1.773042]
[0.096504, 0.877167, -1.852467, -0.104417, 1.142839, -1.964592, 0.010144, 1.090994, -1.87438, -0.004436, 0.840008, -1.773275]
[0.096326, 0.88388, -1.853542, -0.104633, 1.144764, -1.98337, 0.008438, 1.092942, -1.892984, -0.004881, 0.84615, -1.773501]
[0.096118, 0.890603, -1.854673, -0.104644, 1.146114, -2.002415, 0.006587, 1.094326, -1.911805, -0.005363, 0.852259, -1.773708]
[0.095887, 0.897332, -1.85585, -0.104456, 1.146815, -2.021481, 0.004622, 1.095069, -1.930604, -0.005876, 0.858328, -1.773884]
[0.095637, 0.904062, -1.857065, -0.104077, 1.146796, -2.040315, 0.002572, 1.095096, -1.949136, -0.006412, 0.864347, -1.774015]
[0.095725, 0.910742, -1.85782, -0.103313, 1.146088, -2.058479, 0.000884, 1.094511, -1.967106, -0.006588, 0.870652, -1.774352]
[0.096044, 0.917369, -1.858146, -0.102334, 1.144604, -2.075736, -0.000586, 1.093223, -1.984285, -0.006512, 0.877142, -1.774719]
[0.096531, 0.923939, -1.858062, -0.101239, 1.142264, -2.091845, -0.001906, 1.091141, -2.000422, -0.00625, 0.883792, -1.775094]
[0.097142, 0.930443, -1.857579, -0.10009, 1.138999, -2.106555, -0.003102, 1.088184, -2.015248, -0.005842, 0.890575, -1.775445]
[0.09785, 0.936868, -1.856707, -0.098928, 1.134747, -2.119605, -0.004176, 1.084278, -2.028486, -0.005315, 0.897459, -1.775739]
[0.098636, 0.943256, -1.855538, -0.097782, 1.129452, -2.130724, -0.005113, 1.07936, -2.03985, -0.004687, 0.904415, -1.775944]
[0.099483, 0.949524, -1.853955, -0.09667, 1.123079, -2.139682, -0.005885, 1.073387, -2.049103, -0.00397, 0.911417, -1.776035]
[0.10038, 0.955678, -1.851997, -0.095612, 1.115617, -2.146331, -0.006468, 1.066344, -2.056096, -0.003173, 0.918443, -1.775991]
[0.101318, 0.961738, -1.849729, -0.094626, 1.107075, -2.150592, -0.006839, 1.058236, -2.060751, -0.00231, 0.925474, -1.775795]
[0.102287, 0.967658, -1.84708, -0.093728, 1.097479, -2.152442, -0.006976, 1.049091, -2.063042, -0.001386, 0.932496, -1.775437]
[0.102857, 0.973186, -1.844711, -0.092932, 1.08671, -2.152184, -0.007172, 1.038632, -2.062993, -0.000733, 0.939052, -1.774686]
[0.103209, 0.978462, -1.842616, -0.092163, 1.074863, -2.149813, -0.007287, 1.026976, -2.060652, -0.00026, 0.945185, -1.773587]
[0.103439, 0.983593, -1.840776, -0.091399, 1.062033, -2.145367, -0.007244, 1.014243, -2.056108, 8.5e-05, 0.950932, -1.772179]
[0.1036, 0.988666, -1.839171, -0.090643, 1.048322, -2.138922, -0.007009, 1.000557, -2.049481, 0.000332, 0.956397, -1.770614]
[0.103711, 0.993748, -1.837782, -0.089918, 1.033833, -2.130587, -0.006575, 0.98604, -2.040913, 0.000495, 0.961523, -1.768772]
[0.103784, 0.998892, -1.836589, -0.089241, 1.018676, -2.1205, -0.005945, 0.970817, -2.030561, 0.000585, 0.966356, -1.76671]
[0.103818, 1.004139, -1.835574, -0.088636, 1.002961, -2.10882, -0.005133, 0.955011, -2.018598, 0.000609, 0.970931, -1.764461]
[0.10381, 1.009519, -1.834719, -0.088118, 0.9868, -2.095724, -0.00416, 0.938748, -2.005209, 0.000574, 0.975276, -1.762055]
[0.103748, 1.014988, -1.834018, -0.087705, 0.970311, -2.081407, -0.003051, 0.922154, -1.990592, 0.000482, 0.979423, -1.759517]
[0.103627, 1.020468, -1.833481, -0.087407, 0.953611, -2.066074, -0.001834, 0.905358, -1.974954, 0.000337, 0.983401, -1.756878]
[0.103608, 1.025994, -1.833063, -0.087038, 0.936892, -2.049991, -0.000445, 0.88856, -1.958576, 0.000296, 0.987411, -1.754372]
[0.10365, 1.031627, -1.832835, -0.086671, 0.920271, -2.033366, 0.001029, 0.871895, -1.941693, 0.000317, 0.991481, -1.752017]
[0.103728, 1.037344, -1.832736, -0.086352, 0.903872, -2.016429, 0.002529, 0.855495, -1.924543, 0.000373, 0.995638, -1.749831]
[0.103827, 1.043165, -1.83277, -0.086106, 0.887821, -1.999417, 0.004009, 0.839495, -1.907366, 0.00045, 0.99991, -1.747836]
[0.103938, 1.049107, -1.832947, -0.085945, 0.872246, -1.982578, 0.005434, 0.824033, -1.890412, 0.000537, 1.004328, -1.746052]
[0.104056, 1.055182, -1.833254, -0.085876, 0.857279, -1.966167, 0.006779, 0.809244, -1.873933, 0.000628, 1.008957, -1.744563]
[0.104176, 1.061407, -1.833695, -0.085898, 0.843054, -1.950443, 0.008017, 0.795269, -1.858189, 0.000719, 1.013787, -1.743324]
[0.104298, 1.067797, -1.834267, -0.086006, 0.829708, -1.93567, 0.00913, 0.782247, -1.843444, 0.000808, 1.018846, -1.742358]
[0.104422, 1.074366, -1.834969, -0.086193, 0.817381, -1.922116, 0.010099, 0.770323, -1.829965, 0.000893, 1.024164, -1.741684]
[0.104548, 1.081128, -1.835797, -0.086451, 0.806213, -1.910052, 0.010908, 0.759639, -1.818023, 0.000975, 1.02977, -1.741322]
[0.104256, 1.087907, -1.835984, -0.08811, 0.796007, -1.883385, 0.009677, 0.748147, -1.783765, 0.000602, 1.035795, -1.740888]
[0.103981, 1.094549, -1.83595, -0.090826, 0.786641, -1.846944, 0.007177, 0.735859, -1.733968, 7.1e-05, 1.041891, -1.740639]
[0.103916, 1.100763, -1.836816, -0.091558, 0.794673, -1.850069, 0.006958, 0.745087, -1.739874, 0.000134, 1.047373, -1.741305]
[0.103982, 1.106608, -1.83865, -0.092402, 0.802535, -1.852805, 0.006604, 0.75403, -1.74514, -0.000176, 1.052543, -1.742927]
[0.104186, 1.112134, -1.841789, -0.093324, 0.810196, -1.855113, 0.006151, 0.76269, -1.749786, -0.00076, 1.057454, -1.745857]
[0.104518, 1.117376, -1.846437, -0.094303, 0.817657, -1.857018, 0.005622, 0.771066, -1.75383, -0.00154, 1.062138, -1.750305]
[0.104955, 1.122351, -1.852695, -0.095329, 0.82492, -1.858541, 0.005037, 0.779159, -1.757289, -0.002449, 1.066605, -1.75637]
[0.105474, 1.127063, -1.860587, -0.096394, 0.831983, -1.859696, 0.004404, 0.786969, -1.760174, -0.003438, 1.070855, -1.764071]
[0.106046, 1.1315, -1.870074, -0.097495, 0.838843, -1.860496, 0.003734, 0.794495, -1.762498, -0.004463, 1.074869, -1.773367]
[0.106644, 1.135641, -1.881075, -0.098635, 0.845497, -1.860952, 0.003037, 0.801739, -1.764269, -0.005486, 1.078612, -1.784167]
[0.107607, 1.139595, -1.893684, -0.099327, 0.852214, -1.861568, 0.002804, 0.808888, -1.765857, -0.005668, 1.082322, -1.796762]
[0.108663, 1.143325, -1.907795, -0.09974, 0.858968, -1.862303, 0.002861, 0.81595, -1.767297, -0.005291, 1.085914, -1.810911]
[0.109661, 1.146784, -1.923253, -0.099971, 0.865746, -1.863133, 0.003105, 0.822926, -1.768611, -0.004519, 1.089313, -1.826394]
[0.110516, 1.149914, -1.939871, -0.100078, 0.872539, -1.864043, 0.003475, 0.829819, -1.769809, -0.003455, 1.092445, -1.842996]
[0.111184, 1.152652, -1.957442, -0.100095, 0.879341, -1.86502, 0.003934, 0.836627, -1.770897, -0.002164, 1.095236, -1.860501]
[0.111643, 1.15493, -1.975747, -0.100044, 0.886148, -1.866053, 0.004458, 0.843349, -1.771876, -0.000694, 1.097608, -1.87869]
[0.111887, 1.156676, -1.994557, -0.099934, 0.892958, -1.867129, 0.005026, 0.849978, -1.772741, 0.000912, 1.099492, -1.89734]
[0.111915, 1.157817, -2.013634, -0.099776, 0.899798, -1.868303, 0.005628, 0.856509, -1.773488, 0.002627, 1.100805, -1.91622]
[0.111732, 1.15828, -2.032734, -0.099576, 0.906631, -1.869504, 0.006254, 0.862936, -1.774111, 0.004419, 1.101473, -1.935092]
[0.111346, 1.157994, -2.051605, -0.09934, 0.913455, -1.870725, 0.006898, 0.869254, -1.774602, 0.006261, 1.101419, -1.953712]
[0.110566, 1.157006, -2.069801, -0.099435, 0.920223, -1.871456, 0.007174, 0.875825, -1.775223, 0.00773, 1.100769, -1.9718]
[0.10956, 1.155227, -2.087087, -0.099756, 0.926935, -1.871726, 0.007189, 0.882578, -1.775861, 0.008963, 1.099425, -1.989123]
[0.108428, 1.152576, -2.103222, -0.100236, 0.933583, -1.871555, 0.007011, 0.88948, -1.776474, 0.01003, 1.097294, -2.005422]
[0.107233, 1.148981, -2.117956, -0.100836, 0.940157, -1.870955, 0.006679, 0.896499, -1.777026, 0.010957, 1.09429, -2.020427]
[0.106016, 1.144379, -2.131025, -0.101526, 0.946645, -1.869936, 0.006221, 0.903605, -1.777485, 0.011744, 1.090336, -2.033856]
[0.104802, 1.138716, -2.142157, -0.102289, 0.953034, -1.868503, 0.005654, 0.910768, -1.777822, 0.012376, 1.085367, -2.045423]
[0.103611, 1.131956, -2.151118, -0.103109, 0.95931, -1.86666, 0.004991, 0.917964, -1.778012, 0.012827, 1.079338, -2.054888]
[0.102465, 1.124087, -2.157759, -0.103975, 0.965463, -1.864415, 0.004243, 0.925171, -1.778037, 0.013075, 1.072232, -2.062099]
[0.101382, 1.115119, -2.161999, -0.104876, 0.971485, -1.861773, 0.003421, 0.932371, -1.777882, 0.013095, 1.064055, -2.066974]
[0.100379, 1.105078, -2.163809, -0.105801, 0.977368, -1.858742, 0.002534, 0.939549, -1.777538, 0.012867, 1.054831, -2.069486]
[0.099453, 1.093835, -2.163507, -0.106293, 0.982815, -1.856002, 0.001924, 0.946213, -1.776752, 0.012689, 1.044251, -2.069643]
[0.098529, 1.081486, -2.16108, -0.10656, 0.988013, -1.853632, 0.001497, 0.952411, -1.775577, 0.01242, 1.032438, -2.067495]
[0.097588, 1.068135, -2.156564, -0.106691, 0.993039, -1.851521, 0.001201, 0.958185, -1.774056, 0.011986, 1.019516, -2.06313]
[0.096638, 1.053887, -2.150031, -0.106747, 0.997982, -1.849651, 0.001005, 0.963623, -1.772314, 0.011357, 1.005614, -2.056667]
[0.095703, 1.03885, -2.14159, -0.106753, 1.002918, -1.848004, 0.000895, 0.968709, -1.770297, 0.010528, 0.990856, -2.048245]
[0.094808, 1.023139, -2.131376, -0.106723, 1.007905, -1.846562, 0.000858, 0.973477, -1.768037, 0.009504, 0.975372, -2.038021]
[0.093977, 1.006866, -2.119549, -0.106656, 1.012982, -1.8453, 0.000889, 0.977958, -1.765566, 0.008304, 0.959288, -2.026167]
[0.093233, 0.99015, -2.106288, -0.106548, 1.018176, -1.844184, 0.000981, 0.982185, -1.762913, 0.00695, 0.942734, -2.012866]
[0.092592, 0.973109, -2.091786, -0.106395, 1.023523, -1.84322, 0.00113, 0.986191, -1.760109, 0.005471, 0.925837, -1.998315]
[0.092068, 0.955865, -2.076252, -0.10618, 1.028907, -1.842418, 0.001334, 0.990007, -1.757185, 0.003897, 0.908728, -1.982722]
[0.091484, 0.938618, -2.059949, -0.106061, 1.034337, -1.841738, 0.00144, 0.993849, -1.754385, 0.002177, 0.891621, -1.966372]
[0.090912, 0.921489, -2.043089, -0.105999, 1.039834, -1.841187, 0.001489, 0.997747, -1.751728, 0.000396, 0.874649, -1.9495]
[0.090397, 0.904602, -2.025904, -0.10597, 1.045417, -1.840767, 0.001505, 1.001729, -1.749235, -0.001388, 0.857947, -1.932342]
[0.089964, 0.888084, -2.008637, -0.10596, 1.051104, -1.840481, 0.001504, 1.005863, -1.74699, -0.003132, 0.84165, -1.91514]
[0.089627, 0.872064, -1.991538, -0.105959, 1.05691, -1.84033, 0.001497, 1.010138, -1.744949, -0.0048, 0.825895, -1.898143]
[0.089392, 0.856676, -1.974865, -0.105964, 1.062852, -1.840312, 0.001487, 1.014586, -1.743137, -0.006365, 0.81082, -1.881605]
[0.089258, 0.842055, -1.958881, -0.105972, 1.06898, -1.840488, 0.001479, 1.019234, -1.741574, -0.007805, 0.796565, -1.865785]
[0.089218, 0.828339, -1.943851, -0.105982, 1.075257, -1.840767, 0.001474, 1.024115, -1.740283, -0.009101, 0.783272, -1.850951]
[0.089268, 0.81567, -1.930048, -0.105994, 1.081712, -1.841174, 0.001473, 1.029256, -1.739283, -0.010234, 0.771085, -1.837371]
[0.089401, 0.804188, -1.917746, -0.10601, 1.088408, -1.841771, 0.001477, 1.034687, -1.738596, -0.011186, 0.760148, -1.825318]
[0.090915, 0.793705, -1.890767, -0.1056, 1.095104, -1.841713, 0.001957, 1.040544, -1.737838, -0.010133, 0.748579, -1.791493]
[0.093436, 0.784098, -1.853973, -0.105237, 1.101667, -1.841438, 0.002569, 1.046501, -1.737326, -0.007866, 0.736373, -1.742517]
[0.094351, 0.791462, -1.856583, -0.10514, 1.107839, -1.842117, 0.002793, 1.052086, -1.737853, -0.007387, 0.745331, -1.747679]
[0.095145, 0.799349, -1.858807, -0.105225, 1.113659, -1.843786, 0.003288, 1.05737, -1.73939, -0.006817, 0.754054, -1.752279]
[0.09602, 0.807046, -1.860604, -0.10545, 1.11918, -1.846789, 0.00402, 1.062401, -1.74227, -0.006148, 0.76254, -1.756334]
[0.096953, 0.814553, -1.862, -0.105806, 1.124436, -1.851329, 0.004914, 1.067211, -1.746695, -0.005405, 0.770785, -1.759854]
[0.097932, 0.821869, -1.863013, -0.106274, 1.129443, -1.857508, 0.00591, 1.071811, -1.752762, -0.004606, 0.778786, -1.762851]
[0.098949, 0.828993, -1.863658, -0.106828, 1.134202, -1.865347, 0.00696, 1.076199, -1.760489, -0.003761, 0.786541, -1.765333]
[0.099998, 0.835948, -1.864007, -0.107441, 1.1387, -1.87481, 0.008022, 1.080353, -1.769832, -0.002881, 0.794044, -1.767305]
[0.101078, 0.842705, -1.86401, -0.108088, 1.142913, -1.885815, 0.00907, 1.084244, -1.780701, -0.00197, 0.80129, -1.768772]
[0.101648, 0.849525, -1.864219, -0.109166, 1.146928, -1.898448, 0.009196, 1.08807, -1.793375, -0.001594, 0.808422, -1.770043]
[0.101899, 0.856381, -1.864587, -0.11037, 1.150708, -1.912599, 0.008716, 1.091747, -1.807601, -0.001557, 0.815445, -1.771157]
[0.101943, 0.863277, -1.86512, -0.11153, 1.154204, -1.928111, 0.007818, 1.095196, -1.823155, -0.001744, 0.822363, -1.772135]
[0.101846, 0.870181, -1.865762, -0.112548, 1.157361, -1.944794, 0.006618, 1.098345, -1.839821, -0.002083, 0.829179, -1.77299]
[0.101649, 0.877088, -1.866498, -0.113372, 1.160115, -1.962439, 0.005189, 1.10112, -1.857385, -0.002533, 0.835892, -1.773726]
[0.101376, 0.883993, -1.867316, -0.113977, 1.1624, -1.980824, 0.003582, 1.103444, -1.875628, -0.003067, 0.842502, -1.774344]
[0.101045, 0.890891, -1.868205, -0.114352, 1.164143, -1.999717, 0.001835, 1.105243, -1.894328, -0.003667, 0.849005, -1.774842]
[0.100667, 0.897779, -1.869157, -0.114496, 1.165273, -2.018881, -1.8e-05, 1.106438, -1.913255, -0.004319, 0.855396, -1.775214]
[0.100251, 0.904662, -1.870188, -0.114412, 1.165716, -2.03807, -0.00195, 1.106953, -1.932173, -0.005015, 0.861672, -1.775455]
[0.099805, 0.911526, -1.871261, -0.114107, 1.165402, -2.057033, -0.003929, 1.106713, -1.95084, -0.005742, 0.86786, -1.77562]
[0.099784, 0.918322, -1.871833, -0.113283, 1.1644, -2.075344, -0.005437, 1.105861, -1.96898, -0.006021, 0.874296, -1.775905]
[0.100056, 0.925054, -1.871941, -0.112154, 1.162618, -2.09276, -0.00666, 1.104302, -1.98637, -0.005988, 0.880943, -1.776254]
[0.100536, 0.931719, -1.871608, -0.110848, 1.159973, -2.109035, -0.007693, 1.101943, -2.002754, -0.005726, 0.887765, -1.776621]
[0.101173, 0.938306, -1.870851, -0.109447, 1.156393, -2.123918, -0.008583, 1.098698, -2.017863, -0.005288, 0.894729, -1.776968]
[0.101929, 0.944845, -1.869741, -0.108004, 1.151811, -2.137146, -0.009338, 1.094488, -2.031412, -0.004709, 0.901802, -1.777259]
[0.10278, 0.951284, -1.868225, -0.106548, 1.14617, -2.148445, -0.009946, 1.089248, -2.043111, -0.004008, 0.908955, -1.777464]
[0.103711, 0.95761, -1.866308, -0.105104, 1.139435, -2.157582, -0.010386, 1.082932, -2.052718, -0.003202, 0.916161, -1.777556]
[0.104705, 0.963814, -1.863997, -0.103695, 1.131591, -2.164407, -0.010633, 1.075523, -2.060078, -0.002305, 0.923397, -1.777515]
[0.105749, 0.969886, -1.861299, -0.102344, 1.122648, -2.168839, -0.010664, 1.067029, -2.065105, -0.001328, 0.930647, -1.777326]
[0.106834, 0.975838, -1.858265, -0.101066, 1.112629, -2.170848, -0.010462, 1.057474, -2.067769, -0.000284, 0.937893, -1.776978]
[0.107376, 0.981332, -1.855533, -0.099973, 1.101391, -2.170728, -0.010402, 1.046554, -2.06808, 0.000402, 0.944612, -1.776165]
[0.10762, 0.98651, -1.853079, -0.098942, 1.08903, -2.168476, -0.010295, 1.034392, -2.066072, 0.000854, 0.950854, -1.774947]
[0.107705, 0.991494, -1.850881, -0.097929, 1.075648, -2.164129, -0.01004, 1.021114, -2.06183, 0.001144, 0.956711, -1.773454]
[0.107704, 0.996394, -1.848943, -0.096931, 1.06135, -2.15776, -0.009594, 1.006847, -2.05547, 0.001307, 0.962172, -1.771639]
[0.10765, 1.001287, -1.847243, -0.095962, 1.046248, -2.149476, -0.008943, 0.991721, -2.047129, 0.001367, 0.967271, -1.769537]
[0.107556, 1.006236, -1.845758, -0.095042, 1.030451, -2.139412, -0.00809, 0.975865, -2.036965, 0.001335, 0.972043, -1.767181]
[0.107423, 1.011288, -1.844466, -0.094194, 1.014077, -2.127725, -0.007051, 0.959409, -2.025148, 0.001222, 0.97652, -1.764601]
[0.107244, 1.016478, -1.843347, -0.093438, 0.997242, -2.114592, -0.005849, 0.942482, -2.011864, 0.001034, 0.980734, -1.76183]
[0.107012, 1.02183, -1.842382, -0.09279, 0.980066, -2.100206, -0.004511, 0.925217, -1.997309, 0.000775, 0.984717, -1.758896]
[0.10671, 1.027246, -1.841576, -0.092265, 0.962672, -2.084773, -0.003068, 0.907744, -1.98169, 0.000451, 0.988502, -1.75583]
[0.106538, 1.032699, -1.840878, -0.09163, 0.945265, -2.068566, -0.00142, 0.89028, -1.965293, 0.000263, 0.992308, -1.752898]
[0.106445, 1.038277, -1.840397, -0.090983, 0.927967, -2.051789, 0.000327, 0.872961, -1.948357, 0.000149, 0.996182, -1.750114]
[0.106396, 1.04392, -1.84001, -0.090379, 0.910903, -2.034673, 0.0021, 0.855925, -1.931124, 8.1e-05, 1.000142, -1.7475]
[0.106371, 1.04966, -1.839744, -0.089856, 0.8942, -2.017457, 0.003844, 0.839311, -1.913839, 3.9e-05, 1.004219, -1.745074]
[0.106358, 1.05552, -1.839608, -0.089431, 0.877991, -2.000393, 0.005522, 0.823256, -1.896753, 7e-06, 1.008483, -1.742925]
[0.106349, 1.061515, -1.8396, -0.089115, 0.862407, -1.983737, 0.0071, 0.807901, -1.88012, -2.2e-05, 1.012921, -1.741006]
[0.106342, 1.06766, -1.839722, -0.088908, 0.847586, -1.967752, 0.008554, 0.793387, -1.864203, -5.4e-05, 1.017562, -1.73934]
[0.106333, 1.073971, -1.83997, -0.088808, 0.833666, -1.952705, 0.009863, 0.779857, -1.849269, -9e-05, 1.022437, -1.737946]
[0.106323, 1.080462, -1.84035, -0.088808, 0.820791, -1.938867, 0.011009, 0.767458, -1.835587, -0.000132, 1.027575, -1.736846]
[0.106311, 1.087146, -1.84085, -0.088901, 0.809102, -1.926513, 0.011975, 0.756335, -1.823434, -0.000178, 1.032998, -1.73606]
[0.105875, 1.093854, -1.840723, -0.090332, 0.798397, -1.899212, 0.010951, 0.744703, -1.790306, -0.000706, 1.03887, -1.735207]
